series_id,period,observation_date,value,unit,raw_period,raw_value,raw_index,raw_file,raw_sha256
M810001:2,1970,1970-06-30,2013563.0,Number,1970,2013563,0,raw/tabledata_M810001_111a5f764bb0c97b.json,888cc3db49eecf57aa7fa057b11b3b8c606d88f7b7eade838be416516a8730de
M810001:2,1980,1980-06-30,2282125.0,Number,1980,2282125,1,raw/tabledata_M810001_111a5f764bb0c97b.json,888cc3db49eecf57aa7fa057b11b3b8c606d88f7b7eade838be416516a8730de
M810001:2,1981,1981-06-30,2324403.0,Number,1981,2324403,2,raw/tabledata_M810001_111a5f764bb0c97b.json,888cc3db49eecf57aa7fa057b11b3b8c606d88f7b7eade838be416516a8730de
M810001:2,1982,1982-06-30,2365707.0,Number,1982,2365707,3,raw/tabledata_M810001_111a5f764bb0c97b.json,888cc3db49eecf57aa7fa057b11b3b8c606d88f7b7eade838be416516a8730de
M810001:2,1983,1983-06-30,2406165.0,Number,1983,2406165,4,raw/tabledata_M810001_111a5f764bb0c97b.json,888cc3db49eecf57aa7fa057b11b3b8c606d88f7b7eade838be416516a8730de
M810001:2,1984,1984-06-30,2443705.0,Number,1984,2443705,5,raw/tabledata_M810001_111a5f764bb0c97b.json,888cc3db49eecf57aa7fa057b11b3b8c606d88f7b7eade838be416516a8730de
M810001:2,1985,1985-06-30,2482615.0,Number,1985,2482615,6,raw/tabledata_M810001_111a5f764bb0c97b.json,888cc3db49eecf57aa7fa057b11b3b8c606d88f7b7eade838be416516a8730de
M810001:2,1986,1986-06-30,2518598.0,Number,1986,2518598,7,raw/tabledata_M810001_111a5f764bb0c97b.json,888cc3db49eecf57aa7fa057b11b3b8c606d88f7b7eade838be416516a8730de
M810001:2,1987,1987-06-30,2553864.0,Number,1987,2553864,8,raw/tabledata_M810001_111a5f764bb0c97b.json,888cc3db49eecf57aa7fa057b11b3b8c606d88f7b7eade838be416516a8730de
M810001:2,1988,1988-06-30,2598458.0,Number,1988,2598458,9,raw/tabledata_M810001_111a5f764bb0c97b.json,888cc3db49eecf57aa7fa057b11b3b8c606d88f7b7eade838be416516a8730de
M810001:2,1989,1989-06-30,2647627.0,Number,1989,2647627,10,raw/tabledata_M810001_111a5f764bb0c97b.json,888cc3db49eecf57aa7fa057b11b3b8c606d88f7b7eade838be416516a8730de
M810001:2,1990,1990-06-30,2735868.0,Number,1990,2735868,11,raw/tabledata_M810001_111a5f764bb0c97b.json,888cc3db49eecf57aa7fa057b11b3b8c606d88f7b7eade838be416516a8730de
M810001:2,1991,1991-06-30,2794704.0,Number,1991,2794704,12,raw/tabledata_M810001_111a5f764bb0c97b.json,888cc3db49eecf57aa7fa057b11b3b8c606d88f7b7eade838be416516a8730de
M810001:2,1992,1992-06-30,2849754.0,Number,1992,2849754,13,raw/tabledata_M810001_111a5f764bb0c97b.json,888cc3db49eecf57aa7fa057b11b3b8c606d88f7b7eade838be416516a8730de
M810001:2,1993,1993-06-30,2904547.0,Number,1993,2904547,14,raw/tabledata_M810001_111a5f764bb0c97b.json,888cc3db49eecf57aa7fa057b11b3b8c606d88f7b7eade838be416516a8730de
M810001:2,1994,1994-06-30,2959350.0,Number,1994,2959350,15,raw/tabledata_M810001_111a5f764bb0c97b.json,888cc3db49eecf57aa7fa057b11b3b8c606d88f7b7eade838be416516a8730de
M810001:2,1995,1995-06-30,3013515.0,Number,1995,3013515,16,raw/tabledata_M810001_111a5f764bb0c97b.json,888cc3db49eecf57aa7fa057b11b3b8c606d88f7b7eade838be416516a8730de
M810001:2,1996,1996-06-30,3068132.0,Number,1996,3068132,17,raw/tabledata_M810001_111a5f764bb0c97b.json,888cc3db49eecf57aa7fa057b11b3b8c606d88f7b7eade838be416516a8730de
M810001:2,1997,1997-06-30,3123403.0,Number,1997,3123403,18,raw/tabledata_M810001_111a5f764bb0c97b.json,888cc3db49eecf57aa7fa057b11b3b8c606d88f7b7eade838be416516a8730de
M810001:2,1998,1998-06-30,3180018.0,Number,1998,3180018,19,raw/tabledata_M810001_111a5f764bb0c97b.json,888cc3db49eecf57aa7fa057b11b3b8c606d88f7b7eade838be416516a8730de
M810001:2,1999,1999-06-30,3229681.0,Number,1999,3229681,20,raw/tabledata_M810001_111a5f764bb0c97b.json,888cc3db49eecf57aa7fa057b11b3b8c606d88f7b7eade838be416516a8730de
M810001:2,2000,2000-06-30,3273363.0,Number,2000,3273363,21,raw/tabledata_M810001_111a5f764bb0c97b.json,888cc3db49eecf57aa7fa057b11b3b8c606d88f7b7eade838be416516a8730de
M810001:2,2001,2001-06-30,3325902.0,Number,2001,3325902,22,raw/tabledata_M810001_111a5f764bb0c97b.json,888cc3db49eecf57aa7fa057b11b3b8c606d88f7b7eade838be416516a8730de
M810001:2,2002,2002-06-30,3382944.0,Number,2002,3382944,23,raw/tabledata_M810001_111a5f764bb0c97b.json,888cc3db49eecf57aa7fa057b11b3b8c606d88f7b7eade838be416516a8730de
M810001:2,2003,2003-06-30,3366891.0,Number,2003,3366891,24,raw/tabledata_M810001_111a5f764bb0c97b.json,888cc3db49eecf57aa7fa057b11b3b8c606d88f7b7eade838be416516a8730de
M810001:2,2004,2004-06-30,3413266.0,Number,2004,3413266,25,raw/tabledata_M810001_111a5f764bb0c97b.json,888cc3db49eecf57aa7fa057b11b3b8c606d88f7b7eade838be416516a8730de
M810001:2,2005,2005-06-30,3467814.0,Number,2005,3467814,26,raw/tabledata_M810001_111a5f764bb0c97b.json,888cc3db49eecf57aa7fa057b11b3b8c606d88f7b7eade838be416516a8730de
M810001:2,2006,2006-06-30,3525894.0,Number,2006,3525894,27,raw/tabledata_M810001_111a5f764bb0c97b.json,888cc3db49eecf57aa7fa057b11b3b8c606d88f7b7eade838be416516a8730de
M810001:2,2007,2007-06-30,3583082.0,Number,2007,3583082,28,raw/tabledata_M810001_111a5f764bb0c97b.json,888cc3db49eecf57aa7fa057b11b3b8c606d88f7b7eade838be416516a8730de
M810001:2,2008,2008-06-30,3642659.0,Number,2008,3642659,29,raw/tabledata_M810001_111a5f764bb0c97b.json,888cc3db49eecf57aa7fa057b11b3b8c606d88f7b7eade838be416516a8730de
M810001:2,2009,2009-06-30,3733876.0,Number,2009,3733876,30,raw/tabledata_M810001_111a5f764bb0c97b.json,888cc3db49eecf57aa7fa057b11b3b8c606d88f7b7eade838be416516a8730de
M810001:2,2010,2010-06-30,3771721.0,Number,2010,3771721,31,raw/tabledata_M810001_111a5f764bb0c97b.json,888cc3db49eecf57aa7fa057b11b3b8c606d88f7b7eade838be416516a8730de
M810001:2,2011,2011-06-30,3789251.0,Number,2011,3789251,32,raw/tabledata_M810001_111a5f764bb0c97b.json,888cc3db49eecf57aa7fa057b11b3b8c606d88f7b7eade838be416516a8730de
M810001:2,2012,2012-06-30,3818205.0,Number,2012,3818205,33,raw/tabledata_M810001_111a5f764bb0c97b.json,888cc3db49eecf57aa7fa057b11b3b8c606d88f7b7eade838be416516a8730de
M810001:2,2013,2013-06-30,3844751.0,Number,2013,3844751,34,raw/tabledata_M810001_111a5f764bb0c97b.json,888cc3db49eecf57aa7fa057b11b3b8c606d88f7b7eade838be416516a8730de
M810001:2,2014,2014-06-30,3870739.0,Number,2014,3870739,35,raw/tabledata_M810001_111a5f764bb0c97b.json,888cc3db49eecf57aa7fa057b11b3b8c606d88f7b7eade838be416516a8730de
M810001:2,2015,2015-06-30,3902690.0,Number,2015,3902690,36,raw/tabledata_M810001_111a5f764bb0c97b.json,888cc3db49eecf57aa7fa057b11b3b8c606d88f7b7eade838be416516a8730de
M810001:2,2016,2016-06-30,3933559.0,Number,2016,3933559,37,raw/tabledata_M810001_111a5f764bb0c97b.json,888cc3db49eecf57aa7fa057b11b3b8c606d88f7b7eade838be416516a8730de
M810001:2,2017,2017-06-30,3965796.0,Number,2017,3965796,38,raw/tabledata_M810001_111a5f764bb0c97b.json,888cc3db49eecf57aa7fa057b11b3b8c606d88f7b7eade838be416516a8730de
M810001:2,2018,2018-06-30,3994283.0,Number,2018,3994283,39,raw/tabledata_M810001_111a5f764bb0c97b.json,888cc3db49eecf57aa7fa057b11b3b8c606d88f7b7eade838be416516a8730de
M810001:2,2019,2019-06-30,4026209.0,Number,2019,4026209,40,raw/tabledata_M810001_111a5f764bb0c97b.json,888cc3db49eecf57aa7fa057b11b3b8c606d88f7b7eade838be416516a8730de
M810001:2,2020,2020-06-30,4044210.0,Number,2020,4044210,41,raw/tabledata_M810001_111a5f764bb0c97b.json,888cc3db49eecf57aa7fa057b11b3b8c606d88f7b7eade838be416516a8730de
M810001:2,2021,2021-06-30,3986842.0,Number,2021,3986842,42,raw/tabledata_M810001_111a5f764bb0c97b.json,888cc3db49eecf57aa7fa057b11b3b8c606d88f7b7eade838be416516a8730de
M810001:2,2022,2022-06-30,4073239.0,Number,2022,4073239,43,raw/tabledata_M810001_111a5f764bb0c97b.json,888cc3db49eecf57aa7fa057b11b3b8c606d88f7b7eade838be416516a8730de
M810001:2,2023,2023-06-30,4149253.0,Number,2023,4149253,44,raw/tabledata_M810001_111a5f764bb0c97b.json,888cc3db49eecf57aa7fa057b11b3b8c606d88f7b7eade838be416516a8730de
M810001:2,2024,2024-06-30,4180868.0,Number,2024,4180868,45,raw/tabledata_M810001_111a5f764bb0c97b.json,888cc3db49eecf57aa7fa057b11b3b8c606d88f7b7eade838be416516a8730de
M810001:2,2025,2025-06-30,4204515.0,Number,2025,4204515,46,raw/tabledata_M810001_111a5f764bb0c97b.json,888cc3db49eecf57aa7fa057b11b3b8c606d88f7b7eade838be416516a8730de
M810001:2,2026,2026-06-30,4231524.0,Number,2026,4231524,47,raw/tabledata_M810001_111a5f764bb0c97b.json,888cc3db49eecf57aa7fa057b11b3b8c606d88f7b7eade838be416516a8730de
M810001:5,1970,1970-06-30,60944.0,Number,1970,60944,0,raw/tabledata_M810001_495ed32846bcfef1.json,3032e00afc9d10c63b3a055ab8fabbce54299f812cb600deb66de3b65f46ae02
M810001:5,1980,1980-06-30,131820.0,Number,1980,131820,1,raw/tabledata_M810001_495ed32846bcfef1.json,3032e00afc9d10c63b3a055ab8fabbce54299f812cb600deb66de3b65f46ae02
M810001:5,1981,1981-06-30,208432.0,Number,1981,208432,2,raw/tabledata_M810001_495ed32846bcfef1.json,3032e00afc9d10c63b3a055ab8fabbce54299f812cb600deb66de3b65f46ae02
M810001:5,1982,1982-06-30,280759.0,Number,1982,280759,3,raw/tabledata_M810001_495ed32846bcfef1.json,3032e00afc9d10c63b3a055ab8fabbce54299f812cb600deb66de3b65f46ae02
M810001:5,1983,1983-06-30,274896.0,Number,1983,274896,4,raw/tabledata_M810001_495ed32846bcfef1.json,3032e00afc9d10c63b3a055ab8fabbce54299f812cb600deb66de3b65f46ae02
M810001:5,1984,1984-06-30,288516.0,Number,1984,288516,5,raw/tabledata_M810001_495ed32846bcfef1.json,3032e00afc9d10c63b3a055ab8fabbce54299f812cb600deb66de3b65f46ae02
M810001:5,1985,1985-06-30,253342.0,Number,1985,253342,6,raw/tabledata_M810001_495ed32846bcfef1.json,3032e00afc9d10c63b3a055ab8fabbce54299f812cb600deb66de3b65f46ae02
M810001:5,1986,1986-06-30,214775.0,Number,1986,214775,7,raw/tabledata_M810001_495ed32846bcfef1.json,3032e00afc9d10c63b3a055ab8fabbce54299f812cb600deb66de3b65f46ae02
M810001:5,1987,1987-06-30,220925.0,Number,1987,220925,8,raw/tabledata_M810001_495ed32846bcfef1.json,3032e00afc9d10c63b3a055ab8fabbce54299f812cb600deb66de3b65f46ae02
M810001:5,1988,1988-06-30,247650.0,Number,1988,247650,9,raw/tabledata_M810001_495ed32846bcfef1.json,3032e00afc9d10c63b3a055ab8fabbce54299f812cb600deb66de3b65f46ae02
M810001:5,1989,1989-06-30,283274.0,Number,1989,283274,10,raw/tabledata_M810001_495ed32846bcfef1.json,3032e00afc9d10c63b3a055ab8fabbce54299f812cb600deb66de3b65f46ae02
M810001:5,1990,1990-06-30,311264.0,Number,1990,311264,11,raw/tabledata_M810001_495ed32846bcfef1.json,3032e00afc9d10c63b3a055ab8fabbce54299f812cb600deb66de3b65f46ae02
M810001:5,1991,1991-06-30,340379.0,Number,1991,340379,12,raw/tabledata_M810001_495ed32846bcfef1.json,3032e00afc9d10c63b3a055ab8fabbce54299f812cb600deb66de3b65f46ae02
M810001:5,1992,1992-06-30,380944.0,Number,1992,380944,13,raw/tabledata_M810001_495ed32846bcfef1.json,3032e00afc9d10c63b3a055ab8fabbce54299f812cb600deb66de3b65f46ae02
M810001:5,1993,1993-06-30,408924.0,Number,1993,408924,14,raw/tabledata_M810001_495ed32846bcfef1.json,3032e00afc9d10c63b3a055ab8fabbce54299f812cb600deb66de3b65f46ae02
M810001:5,1994,1994-06-30,459698.0,Number,1994,459698,15,raw/tabledata_M810001_495ed32846bcfef1.json,3032e00afc9d10c63b3a055ab8fabbce54299f812cb600deb66de3b65f46ae02
M810001:5,1995,1995-06-30,510991.0,Number,1995,510991,16,raw/tabledata_M810001_495ed32846bcfef1.json,3032e00afc9d10c63b3a055ab8fabbce54299f812cb600deb66de3b65f46ae02
M810001:5,1996,1996-06-30,602572.0,Number,1996,602572,17,raw/tabledata_M810001_495ed32846bcfef1.json,3032e00afc9d10c63b3a055ab8fabbce54299f812cb600deb66de3b65f46ae02
M810001:5,1997,1997-06-30,672635.0,Number,1997,672635,18,raw/tabledata_M810001_495ed32846bcfef1.json,3032e00afc9d10c63b3a055ab8fabbce54299f812cb600deb66de3b65f46ae02
M810001:5,1998,1998-06-30,747195.0,Number,1998,747195,19,raw/tabledata_M810001_495ed32846bcfef1.json,3032e00afc9d10c63b3a055ab8fabbce54299f812cb600deb66de3b65f46ae02
M810001:5,1999,1999-06-30,729042.0,Number,1999,729042,20,raw/tabledata_M810001_495ed32846bcfef1.json,3032e00afc9d10c63b3a055ab8fabbce54299f812cb600deb66de3b65f46ae02
M810001:5,2000,2000-06-30,754524.0,Number,2000,754524,21,raw/tabledata_M810001_495ed32846bcfef1.json,3032e00afc9d10c63b3a055ab8fabbce54299f812cb600deb66de3b65f46ae02
M810001:5,2001,2001-06-30,812110.0,Number,2001,812110,22,raw/tabledata_M810001_495ed32846bcfef1.json,3032e00afc9d10c63b3a055ab8fabbce54299f812cb600deb66de3b65f46ae02
M810001:5,2002,2002-06-30,793006.0,Number,2002,793006,23,raw/tabledata_M810001_495ed32846bcfef1.json,3032e00afc9d10c63b3a055ab8fabbce54299f812cb600deb66de3b65f46ae02
M810001:5,2003,2003-06-30,747935.0,Number,2003,747935,24,raw/tabledata_M810001_495ed32846bcfef1.json,3032e00afc9d10c63b3a055ab8fabbce54299f812cb600deb66de3b65f46ae02
M810001:5,2004,2004-06-30,753398.0,Number,2004,753398,25,raw/tabledata_M810001_495ed32846bcfef1.json,3032e00afc9d10c63b3a055ab8fabbce54299f812cb600deb66de3b65f46ae02
M810001:5,2005,2005-06-30,797948.0,Number,2005,797948,26,raw/tabledata_M810001_495ed32846bcfef1.json,3032e00afc9d10c63b3a055ab8fabbce54299f812cb600deb66de3b65f46ae02
M810001:5,2006,2006-06-30,875471.0,Number,2006,875471,27,raw/tabledata_M810001_495ed32846bcfef1.json,3032e00afc9d10c63b3a055ab8fabbce54299f812cb600deb66de3b65f46ae02
M810001:5,2007,2007-06-30,1005517.0,Number,2007,1005517,28,raw/tabledata_M810001_495ed32846bcfef1.json,3032e00afc9d10c63b3a055ab8fabbce54299f812cb600deb66de3b65f46ae02
M810001:5,2008,2008-06-30,1196737.0,Number,2008,1196737,29,raw/tabledata_M810001_495ed32846bcfef1.json,3032e00afc9d10c63b3a055ab8fabbce54299f812cb600deb66de3b65f46ae02
M810001:5,2009,2009-06-30,1253697.0,Number,2009,1253697,30,raw/tabledata_M810001_495ed32846bcfef1.json,3032e00afc9d10c63b3a055ab8fabbce54299f812cb600deb66de3b65f46ae02
M810001:5,2010,2010-06-30,1305011.0,Number,2010,1305011,31,raw/tabledata_M810001_495ed32846bcfef1.json,3032e00afc9d10c63b3a055ab8fabbce54299f812cb600deb66de3b65f46ae02
M810001:5,2011,2011-06-30,1394437.0,Number,2011,1394437,32,raw/tabledata_M810001_495ed32846bcfef1.json,3032e00afc9d10c63b3a055ab8fabbce54299f812cb600deb66de3b65f46ae02
M810001:5,2012,2012-06-30,1494232.0,Number,2012,1494232,33,raw/tabledata_M810001_495ed32846bcfef1.json,3032e00afc9d10c63b3a055ab8fabbce54299f812cb600deb66de3b65f46ae02
M810001:5,2013,2013-06-30,1554411.0,Number,2013,1554411,34,raw/tabledata_M810001_495ed32846bcfef1.json,3032e00afc9d10c63b3a055ab8fabbce54299f812cb600deb66de3b65f46ae02
M810001:5,2014,2014-06-30,1598985.0,Number,2014,1598985,35,raw/tabledata_M810001_495ed32846bcfef1.json,3032e00afc9d10c63b3a055ab8fabbce54299f812cb600deb66de3b65f46ae02
M810001:5,2015,2015-06-30,1632312.0,Number,2015,1632312,36,raw/tabledata_M810001_495ed32846bcfef1.json,3032e00afc9d10c63b3a055ab8fabbce54299f812cb600deb66de3b65f46ae02
M810001:5,2016,2016-06-30,1673724.0,Number,2016,1673724,37,raw/tabledata_M810001_495ed32846bcfef1.json,3032e00afc9d10c63b3a055ab8fabbce54299f812cb600deb66de3b65f46ae02
M810001:5,2017,2017-06-30,1646457.0,Number,2017,1646457,38,raw/tabledata_M810001_495ed32846bcfef1.json,3032e00afc9d10c63b3a055ab8fabbce54299f812cb600deb66de3b65f46ae02
M810001:5,2018,2018-06-30,1644393.0,Number,2018,1644393,39,raw/tabledata_M810001_495ed32846bcfef1.json,3032e00afc9d10c63b3a055ab8fabbce54299f812cb600deb66de3b65f46ae02
M810001:5,2019,2019-06-30,1677360.0,Number,2019,1677360,40,raw/tabledata_M810001_495ed32846bcfef1.json,3032e00afc9d10c63b3a055ab8fabbce54299f812cb600deb66de3b65f46ae02
M810001:5,2020,2020-06-30,1641597.0,Number,2020,1641597,41,raw/tabledata_M810001_495ed32846bcfef1.json,3032e00afc9d10c63b3a055ab8fabbce54299f812cb600deb66de3b65f46ae02
M810001:5,2021,2021-06-30,1466724.0,Number,2021,1466724,42,raw/tabledata_M810001_495ed32846bcfef1.json,3032e00afc9d10c63b3a055ab8fabbce54299f812cb600deb66de3b65f46ae02
M810001:5,2022,2022-06-30,1563783.0,Number,2022,1563783,43,raw/tabledata_M810001_495ed32846bcfef1.json,3032e00afc9d10c63b3a055ab8fabbce54299f812cb600deb66de3b65f46ae02
M810001:5,2023,2023-06-30,1768395.0,Number,2023,1768395,44,raw/tabledata_M810001_495ed32846bcfef1.json,3032e00afc9d10c63b3a055ab8fabbce54299f812cb600deb66de3b65f46ae02
M810001:5,2024,2024-06-30,1855992.0,Number,2024,1855992,45,raw/tabledata_M810001_495ed32846bcfef1.json,3032e00afc9d10c63b3a055ab8fabbce54299f812cb600deb66de3b65f46ae02
M810001:5,2025,2025-06-30,1906660.0,Number,2025,1906660,46,raw/tabledata_M810001_495ed32846bcfef1.json,3032e00afc9d10c63b3a055ab8fabbce54299f812cb600deb66de3b65f46ae02
M810001:5,2026,2026-06-30,1976999.0,Number,2026,1976999,47,raw/tabledata_M810001_495ed32846bcfef1.json,3032e00afc9d10c63b3a055ab8fabbce54299f812cb600deb66de3b65f46ae02
M015661:1,1975-Q1,,7367.3,Million Dollars,1975 1Q,7367.3,0,raw/tabledata_M015661_98fd049aa87c5bb9.json,75ee0ac536d3a39fc6f75daec337db6ad5490bef29e97a666af54a1c11adde04
M015661:1,1975-Q2,,7564.2,Million Dollars,1975 2Q,7564.2,1,raw/tabledata_M015661_98fd049aa87c5bb9.json,75ee0ac536d3a39fc6f75daec337db6ad5490bef29e97a666af54a1c11adde04
M015661:1,1975-Q3,,7960.5,Million Dollars,1975 3Q,7960.5,2,raw/tabledata_M015661_98fd049aa87c5bb9.json,75ee0ac536d3a39fc6f75daec337db6ad5490bef29e97a666af54a1c11adde04
M015661:1,1975-Q4,,8134.6,Million Dollars,1975 4Q,8134.6,3,raw/tabledata_M015661_98fd049aa87c5bb9.json,75ee0ac536d3a39fc6f75daec337db6ad5490bef29e97a666af54a1c11adde04
M015661:1,1976-Q1,,7972.0,Million Dollars,1976 1Q,7972,4,raw/tabledata_M015661_98fd049aa87c5bb9.json,75ee0ac536d3a39fc6f75daec337db6ad5490bef29e97a666af54a1c11adde04
M015661:1,1976-Q2,,8124.5,Million Dollars,1976 2Q,8124.5,5,raw/tabledata_M015661_98fd049aa87c5bb9.json,75ee0ac536d3a39fc6f75daec337db6ad5490bef29e97a666af54a1c11adde04
M015661:1,1976-Q3,,8537.0,Million Dollars,1976 3Q,8537,6,raw/tabledata_M015661_98fd049aa87c5bb9.json,75ee0ac536d3a39fc6f75daec337db6ad5490bef29e97a666af54a1c11adde04
M015661:1,1976-Q4,,8700.6,Million Dollars,1976 4Q,8700.6,7,raw/tabledata_M015661_98fd049aa87c5bb9.json,75ee0ac536d3a39fc6f75daec337db6ad5490bef29e97a666af54a1c11adde04
M015661:1,1977-Q1,,8467.8,Million Dollars,1977 1Q,8467.8,8,raw/tabledata_M015661_98fd049aa87c5bb9.json,75ee0ac536d3a39fc6f75daec337db6ad5490bef29e97a666af54a1c11adde04
M015661:1,1977-Q2,,8739.3,Million Dollars,1977 2Q,8739.3,9,raw/tabledata_M015661_98fd049aa87c5bb9.json,75ee0ac536d3a39fc6f75daec337db6ad5490bef29e97a666af54a1c11adde04
M015661:1,1977-Q3,,9081.6,Million Dollars,1977 3Q,9081.6,10,raw/tabledata_M015661_98fd049aa87c5bb9.json,75ee0ac536d3a39fc6f75daec337db6ad5490bef29e97a666af54a1c11adde04
M015661:1,1977-Q4,,9329.6,Million Dollars,1977 4Q,9329.6,11,raw/tabledata_M015661_98fd049aa87c5bb9.json,75ee0ac536d3a39fc6f75daec337db6ad5490bef29e97a666af54a1c11adde04
M015661:1,1978-Q1,,8942.2,Million Dollars,1978 1Q,8942.2,12,raw/tabledata_M015661_98fd049aa87c5bb9.json,75ee0ac536d3a39fc6f75daec337db6ad5490bef29e97a666af54a1c11adde04
M015661:1,1978-Q2,,9280.1,Million Dollars,1978 2Q,9280.1,13,raw/tabledata_M015661_98fd049aa87c5bb9.json,75ee0ac536d3a39fc6f75daec337db6ad5490bef29e97a666af54a1c11adde04
M015661:1,1978-Q3,,9884.6,Million Dollars,1978 3Q,9884.6,14,raw/tabledata_M015661_98fd049aa87c5bb9.json,75ee0ac536d3a39fc6f75daec337db6ad5490bef29e97a666af54a1c11adde04
M015661:1,1978-Q4,,10281.5,Million Dollars,1978 4Q,10281.5,15,raw/tabledata_M015661_98fd049aa87c5bb9.json,75ee0ac536d3a39fc6f75daec337db6ad5490bef29e97a666af54a1c11adde04
M015661:1,1979-Q1,,9793.4,Million Dollars,1979 1Q,9793.4,16,raw/tabledata_M015661_98fd049aa87c5bb9.json,75ee0ac536d3a39fc6f75daec337db6ad5490bef29e97a666af54a1c11adde04
M015661:1,1979-Q2,,10274.0,Million Dollars,1979 2Q,10274,17,raw/tabledata_M015661_98fd049aa87c5bb9.json,75ee0ac536d3a39fc6f75daec337db6ad5490bef29e97a666af54a1c11adde04
M015661:1,1979-Q3,,10692.0,Million Dollars,1979 3Q,10692,18,raw/tabledata_M015661_98fd049aa87c5bb9.json,75ee0ac536d3a39fc6f75daec337db6ad5490bef29e97a666af54a1c11adde04
M015661:1,1979-Q4,,11296.8,Million Dollars,1979 4Q,11296.8,19,raw/tabledata_M015661_98fd049aa87c5bb9.json,75ee0ac536d3a39fc6f75daec337db6ad5490bef29e97a666af54a1c11adde04
M015661:1,1980-Q1,,10922.2,Million Dollars,1980 1Q,10922.2,20,raw/tabledata_M015661_98fd049aa87c5bb9.json,75ee0ac536d3a39fc6f75daec337db6ad5490bef29e97a666af54a1c11adde04
M015661:1,1980-Q2,,11334.3,Million Dollars,1980 2Q,11334.3,21,raw/tabledata_M015661_98fd049aa87c5bb9.json,75ee0ac536d3a39fc6f75daec337db6ad5490bef29e97a666af54a1c11adde04
M015661:1,1980-Q3,,11797.3,Million Dollars,1980 3Q,11797.3,22,raw/tabledata_M015661_98fd049aa87c5bb9.json,75ee0ac536d3a39fc6f75daec337db6ad5490bef29e97a666af54a1c11adde04
M015661:1,1980-Q4,,12255.7,Million Dollars,1980 4Q,12255.7,23,raw/tabledata_M015661_98fd049aa87c5bb9.json,75ee0ac536d3a39fc6f75daec337db6ad5490bef29e97a666af54a1c11adde04
M015661:1,1981-Q1,,12045.8,Million Dollars,1981 1Q,12045.8,24,raw/tabledata_M015661_98fd049aa87c5bb9.json,75ee0ac536d3a39fc6f75daec337db6ad5490bef29e97a666af54a1c11adde04
M015661:1,1981-Q2,,12633.1,Million Dollars,1981 2Q,12633.1,25,raw/tabledata_M015661_98fd049aa87c5bb9.json,75ee0ac536d3a39fc6f75daec337db6ad5490bef29e97a666af54a1c11adde04
M015661:1,1981-Q3,,13113.3,Million Dollars,1981 3Q,13113.3,26,raw/tabledata_M015661_98fd049aa87c5bb9.json,75ee0ac536d3a39fc6f75daec337db6ad5490bef29e97a666af54a1c11adde04
M015661:1,1981-Q4,,13526.1,Million Dollars,1981 4Q,13526.1,27,raw/tabledata_M015661_98fd049aa87c5bb9.json,75ee0ac536d3a39fc6f75daec337db6ad5490bef29e97a666af54a1c11adde04
M015661:1,1982-Q1,,13140.5,Million Dollars,1982 1Q,13140.5,28,raw/tabledata_M015661_98fd049aa87c5bb9.json,75ee0ac536d3a39fc6f75daec337db6ad5490bef29e97a666af54a1c11adde04
M015661:1,1982-Q2,,13563.7,Million Dollars,1982 2Q,13563.7,29,raw/tabledata_M015661_98fd049aa87c5bb9.json,75ee0ac536d3a39fc6f75daec337db6ad5490bef29e97a666af54a1c11adde04
M015661:1,1982-Q3,,13957.7,Million Dollars,1982 3Q,13957.7,30,raw/tabledata_M015661_98fd049aa87c5bb9.json,75ee0ac536d3a39fc6f75daec337db6ad5490bef29e97a666af54a1c11adde04
M015661:1,1982-Q4,,14301.1,Million Dollars,1982 4Q,14301.1,31,raw/tabledata_M015661_98fd049aa87c5bb9.json,75ee0ac536d3a39fc6f75daec337db6ad5490bef29e97a666af54a1c11adde04
M015661:1,1983-Q1,,14134.1,Million Dollars,1983 1Q,14134.1,32,raw/tabledata_M015661_98fd049aa87c5bb9.json,75ee0ac536d3a39fc6f75daec337db6ad5490bef29e97a666af54a1c11adde04
M015661:1,1983-Q2,,14649.2,Million Dollars,1983 2Q,14649.2,33,raw/tabledata_M015661_98fd049aa87c5bb9.json,75ee0ac536d3a39fc6f75daec337db6ad5490bef29e97a666af54a1c11adde04
M015661:1,1983-Q3,,15151.3,Million Dollars,1983 3Q,15151.3,34,raw/tabledata_M015661_98fd049aa87c5bb9.json,75ee0ac536d3a39fc6f75daec337db6ad5490bef29e97a666af54a1c11adde04
M015661:1,1983-Q4,,15730.2,Million Dollars,1983 4Q,15730.2,35,raw/tabledata_M015661_98fd049aa87c5bb9.json,75ee0ac536d3a39fc6f75daec337db6ad5490bef29e97a666af54a1c11adde04
M015661:1,1984-Q1,,15675.4,Million Dollars,1984 1Q,15675.4,36,raw/tabledata_M015661_98fd049aa87c5bb9.json,75ee0ac536d3a39fc6f75daec337db6ad5490bef29e97a666af54a1c11adde04
M015661:1,1984-Q2,,16084.5,Million Dollars,1984 2Q,16084.5,37,raw/tabledata_M015661_98fd049aa87c5bb9.json,75ee0ac536d3a39fc6f75daec337db6ad5490bef29e97a666af54a1c11adde04
M015661:1,1984-Q3,,16488.4,Million Dollars,1984 3Q,16488.4,38,raw/tabledata_M015661_98fd049aa87c5bb9.json,75ee0ac536d3a39fc6f75daec337db6ad5490bef29e97a666af54a1c11adde04
M015661:1,1984-Q4,,16662.4,Million Dollars,1984 4Q,16662.4,39,raw/tabledata_M015661_98fd049aa87c5bb9.json,75ee0ac536d3a39fc6f75daec337db6ad5490bef29e97a666af54a1c11adde04
M015661:1,1985-Q1,,16289.7,Million Dollars,1985 1Q,16289.7,40,raw/tabledata_M015661_98fd049aa87c5bb9.json,75ee0ac536d3a39fc6f75daec337db6ad5490bef29e97a666af54a1c11adde04
M015661:1,1985-Q2,,16074.7,Million Dollars,1985 2Q,16074.7,41,raw/tabledata_M015661_98fd049aa87c5bb9.json,75ee0ac536d3a39fc6f75daec337db6ad5490bef29e97a666af54a1c11adde04
M015661:1,1985-Q3,,16106.3,Million Dollars,1985 3Q,16106.3,42,raw/tabledata_M015661_98fd049aa87c5bb9.json,75ee0ac536d3a39fc6f75daec337db6ad5490bef29e97a666af54a1c11adde04
M015661:1,1985-Q4,,16035.8,Million Dollars,1985 4Q,16035.8,43,raw/tabledata_M015661_98fd049aa87c5bb9.json,75ee0ac536d3a39fc6f75daec337db6ad5490bef29e97a666af54a1c11adde04
M015661:1,1986-Q1,,15634.0,Million Dollars,1986 1Q,15634,44,raw/tabledata_M015661_98fd049aa87c5bb9.json,75ee0ac536d3a39fc6f75daec337db6ad5490bef29e97a666af54a1c11adde04
M015661:1,1986-Q2,,16087.5,Million Dollars,1986 2Q,16087.5,45,raw/tabledata_M015661_98fd049aa87c5bb9.json,75ee0ac536d3a39fc6f75daec337db6ad5490bef29e97a666af54a1c11adde04
M015661:1,1986-Q3,,16567.8,Million Dollars,1986 3Q,16567.8,46,raw/tabledata_M015661_98fd049aa87c5bb9.json,75ee0ac536d3a39fc6f75daec337db6ad5490bef29e97a666af54a1c11adde04
M015661:1,1986-Q4,,17083.4,Million Dollars,1986 4Q,17083.4,47,raw/tabledata_M015661_98fd049aa87c5bb9.json,75ee0ac536d3a39fc6f75daec337db6ad5490bef29e97a666af54a1c11adde04
M015661:1,1987-Q1,,16893.6,Million Dollars,1987 1Q,16893.6,48,raw/tabledata_M015661_98fd049aa87c5bb9.json,75ee0ac536d3a39fc6f75daec337db6ad5490bef29e97a666af54a1c11adde04
M015661:1,1987-Q2,,17723.4,Million Dollars,1987 2Q,17723.4,49,raw/tabledata_M015661_98fd049aa87c5bb9.json,75ee0ac536d3a39fc6f75daec337db6ad5490bef29e97a666af54a1c11adde04
M015661:1,1987-Q3,,18597.5,Million Dollars,1987 3Q,18597.5,50,raw/tabledata_M015661_98fd049aa87c5bb9.json,75ee0ac536d3a39fc6f75daec337db6ad5490bef29e97a666af54a1c11adde04
M015661:1,1987-Q4,,19217.1,Million Dollars,1987 4Q,19217.1,51,raw/tabledata_M015661_98fd049aa87c5bb9.json,75ee0ac536d3a39fc6f75daec337db6ad5490bef29e97a666af54a1c11adde04
M015661:1,1988-Q1,,18775.8,Million Dollars,1988 1Q,18775.8,52,raw/tabledata_M015661_98fd049aa87c5bb9.json,75ee0ac536d3a39fc6f75daec337db6ad5490bef29e97a666af54a1c11adde04
M015661:1,1988-Q2,,19850.3,Million Dollars,1988 2Q,19850.3,53,raw/tabledata_M015661_98fd049aa87c5bb9.json,75ee0ac536d3a39fc6f75daec337db6ad5490bef29e97a666af54a1c11adde04
M015661:1,1988-Q3,,20682.9,Million Dollars,1988 3Q,20682.9,54,raw/tabledata_M015661_98fd049aa87c5bb9.json,75ee0ac536d3a39fc6f75daec337db6ad5490bef29e97a666af54a1c11adde04
M015661:1,1988-Q4,,21281.0,Million Dollars,1988 4Q,21281,55,raw/tabledata_M015661_98fd049aa87c5bb9.json,75ee0ac536d3a39fc6f75daec337db6ad5490bef29e97a666af54a1c11adde04
M015661:1,1989-Q1,,20632.7,Million Dollars,1989 1Q,20632.7,56,raw/tabledata_M015661_98fd049aa87c5bb9.json,75ee0ac536d3a39fc6f75daec337db6ad5490bef29e97a666af54a1c11adde04
M015661:1,1989-Q2,,22117.2,Million Dollars,1989 2Q,22117.2,57,raw/tabledata_M015661_98fd049aa87c5bb9.json,75ee0ac536d3a39fc6f75daec337db6ad5490bef29e97a666af54a1c11adde04
M015661:1,1989-Q3,,22733.8,Million Dollars,1989 3Q,22733.8,58,raw/tabledata_M015661_98fd049aa87c5bb9.json,75ee0ac536d3a39fc6f75daec337db6ad5490bef29e97a666af54a1c11adde04
M015661:1,1989-Q4,,23293.3,Million Dollars,1989 4Q,23293.3,59,raw/tabledata_M015661_98fd049aa87c5bb9.json,75ee0ac536d3a39fc6f75daec337db6ad5490bef29e97a666af54a1c11adde04
M015661:1,1990-Q1,,23523.7,Million Dollars,1990 1Q,23523.7,60,raw/tabledata_M015661_98fd049aa87c5bb9.json,75ee0ac536d3a39fc6f75daec337db6ad5490bef29e97a666af54a1c11adde04
M015661:1,1990-Q2,,24053.0,Million Dollars,1990 2Q,24053,61,raw/tabledata_M015661_98fd049aa87c5bb9.json,75ee0ac536d3a39fc6f75daec337db6ad5490bef29e97a666af54a1c11adde04
M015661:1,1990-Q3,,24745.6,Million Dollars,1990 3Q,24745.6,62,raw/tabledata_M015661_98fd049aa87c5bb9.json,75ee0ac536d3a39fc6f75daec337db6ad5490bef29e97a666af54a1c11adde04
M015661:1,1990-Q4,,25173.4,Million Dollars,1990 4Q,25173.4,63,raw/tabledata_M015661_98fd049aa87c5bb9.json,75ee0ac536d3a39fc6f75daec337db6ad5490bef29e97a666af54a1c11adde04
M015661:1,1991-Q1,,25032.5,Million Dollars,1991 1Q,25032.5,64,raw/tabledata_M015661_98fd049aa87c5bb9.json,75ee0ac536d3a39fc6f75daec337db6ad5490bef29e97a666af54a1c11adde04
M015661:1,1991-Q2,,25624.0,Million Dollars,1991 2Q,25624,65,raw/tabledata_M015661_98fd049aa87c5bb9.json,75ee0ac536d3a39fc6f75daec337db6ad5490bef29e97a666af54a1c11adde04
M015661:1,1991-Q3,,26545.5,Million Dollars,1991 3Q,26545.5,66,raw/tabledata_M015661_98fd049aa87c5bb9.json,75ee0ac536d3a39fc6f75daec337db6ad5490bef29e97a666af54a1c11adde04
M015661:1,1991-Q4,,26814.6,Million Dollars,1991 4Q,26814.6,67,raw/tabledata_M015661_98fd049aa87c5bb9.json,75ee0ac536d3a39fc6f75daec337db6ad5490bef29e97a666af54a1c11adde04
M015661:1,1992-Q1,,26453.9,Million Dollars,1992 1Q,26453.9,68,raw/tabledata_M015661_98fd049aa87c5bb9.json,75ee0ac536d3a39fc6f75daec337db6ad5490bef29e97a666af54a1c11adde04
M015661:1,1992-Q2,,27004.0,Million Dollars,1992 2Q,27004,69,raw/tabledata_M015661_98fd049aa87c5bb9.json,75ee0ac536d3a39fc6f75daec337db6ad5490bef29e97a666af54a1c11adde04
M015661:1,1992-Q3,,28322.4,Million Dollars,1992 3Q,28322.4,70,raw/tabledata_M015661_98fd049aa87c5bb9.json,75ee0ac536d3a39fc6f75daec337db6ad5490bef29e97a666af54a1c11adde04
M015661:1,1992-Q4,,29142.8,Million Dollars,1992 4Q,29142.8,71,raw/tabledata_M015661_98fd049aa87c5bb9.json,75ee0ac536d3a39fc6f75daec337db6ad5490bef29e97a666af54a1c11adde04
M015661:1,1993-Q1,,28824.6,Million Dollars,1993 1Q,28824.6,72,raw/tabledata_M015661_98fd049aa87c5bb9.json,75ee0ac536d3a39fc6f75daec337db6ad5490bef29e97a666af54a1c11adde04
M015661:1,1993-Q2,,30333.0,Million Dollars,1993 2Q,30333,73,raw/tabledata_M015661_98fd049aa87c5bb9.json,75ee0ac536d3a39fc6f75daec337db6ad5490bef29e97a666af54a1c11adde04
M015661:1,1993-Q3,,31580.6,Million Dollars,1993 3Q,31580.6,74,raw/tabledata_M015661_98fd049aa87c5bb9.json,75ee0ac536d3a39fc6f75daec337db6ad5490bef29e97a666af54a1c11adde04
M015661:1,1993-Q4,,32896.3,Million Dollars,1993 4Q,32896.3,75,raw/tabledata_M015661_98fd049aa87c5bb9.json,75ee0ac536d3a39fc6f75daec337db6ad5490bef29e97a666af54a1c11adde04
M015661:1,1994-Q1,,32712.4,Million Dollars,1994 1Q,32712.4,76,raw/tabledata_M015661_98fd049aa87c5bb9.json,75ee0ac536d3a39fc6f75daec337db6ad5490bef29e97a666af54a1c11adde04
M015661:1,1994-Q2,,33467.3,Million Dollars,1994 2Q,33467.3,77,raw/tabledata_M015661_98fd049aa87c5bb9.json,75ee0ac536d3a39fc6f75daec337db6ad5490bef29e97a666af54a1c11adde04
M015661:1,1994-Q3,,35306.3,Million Dollars,1994 3Q,35306.3,78,raw/tabledata_M015661_98fd049aa87c5bb9.json,75ee0ac536d3a39fc6f75daec337db6ad5490bef29e97a666af54a1c11adde04
M015661:1,1994-Q4,,35866.6,Million Dollars,1994 4Q,35866.6,79,raw/tabledata_M015661_98fd049aa87c5bb9.json,75ee0ac536d3a39fc6f75daec337db6ad5490bef29e97a666af54a1c11adde04
M015661:1,1995-Q1,,34431.9,Million Dollars,1995 1Q,34431.9,80,raw/tabledata_M015661_98fd049aa87c5bb9.json,75ee0ac536d3a39fc6f75daec337db6ad5490bef29e97a666af54a1c11adde04
M015661:1,1995-Q2,,35948.6,Million Dollars,1995 2Q,35948.6,81,raw/tabledata_M015661_98fd049aa87c5bb9.json,75ee0ac536d3a39fc6f75daec337db6ad5490bef29e97a666af54a1c11adde04
M015661:1,1995-Q3,,38217.2,Million Dollars,1995 3Q,38217.2,82,raw/tabledata_M015661_98fd049aa87c5bb9.json,75ee0ac536d3a39fc6f75daec337db6ad5490bef29e97a666af54a1c11adde04
M015661:1,1995-Q4,,38610.5,Million Dollars,1995 4Q,38610.5,83,raw/tabledata_M015661_98fd049aa87c5bb9.json,75ee0ac536d3a39fc6f75daec337db6ad5490bef29e97a666af54a1c11adde04
M015661:1,1996-Q1,,38460.7,Million Dollars,1996 1Q,38460.7,84,raw/tabledata_M015661_98fd049aa87c5bb9.json,75ee0ac536d3a39fc6f75daec337db6ad5490bef29e97a666af54a1c11adde04
M015661:1,1996-Q2,,39047.4,Million Dollars,1996 2Q,39047.4,85,raw/tabledata_M015661_98fd049aa87c5bb9.json,75ee0ac536d3a39fc6f75daec337db6ad5490bef29e97a666af54a1c11adde04
M015661:1,1996-Q3,,39833.6,Million Dollars,1996 3Q,39833.6,86,raw/tabledata_M015661_98fd049aa87c5bb9.json,75ee0ac536d3a39fc6f75daec337db6ad5490bef29e97a666af54a1c11adde04
M015661:1,1996-Q4,,40865.0,Million Dollars,1996 4Q,40865,87,raw/tabledata_M015661_98fd049aa87c5bb9.json,75ee0ac536d3a39fc6f75daec337db6ad5490bef29e97a666af54a1c11adde04
M015661:1,1997-Q1,,40669.0,Million Dollars,1997 1Q,40669,88,raw/tabledata_M015661_98fd049aa87c5bb9.json,75ee0ac536d3a39fc6f75daec337db6ad5490bef29e97a666af54a1c11adde04
M015661:1,1997-Q2,,42743.9,Million Dollars,1997 2Q,42743.9,89,raw/tabledata_M015661_98fd049aa87c5bb9.json,75ee0ac536d3a39fc6f75daec337db6ad5490bef29e97a666af54a1c11adde04
M015661:1,1997-Q3,,44192.3,Million Dollars,1997 3Q,44192.3,90,raw/tabledata_M015661_98fd049aa87c5bb9.json,75ee0ac536d3a39fc6f75daec337db6ad5490bef29e97a666af54a1c11adde04
M015661:1,1997-Q4,,43758.3,Million Dollars,1997 4Q,43758.3,91,raw/tabledata_M015661_98fd049aa87c5bb9.json,75ee0ac536d3a39fc6f75daec337db6ad5490bef29e97a666af54a1c11adde04
M015661:1,1998-Q1,,41282.0,Million Dollars,1998 1Q,41282,92,raw/tabledata_M015661_98fd049aa87c5bb9.json,75ee0ac536d3a39fc6f75daec337db6ad5490bef29e97a666af54a1c11adde04
M015661:1,1998-Q2,,41711.4,Million Dollars,1998 2Q,41711.4,93,raw/tabledata_M015661_98fd049aa87c5bb9.json,75ee0ac536d3a39fc6f75daec337db6ad5490bef29e97a666af54a1c11adde04
M015661:1,1998-Q3,,41975.6,Million Dollars,1998 3Q,41975.6,94,raw/tabledata_M015661_98fd049aa87c5bb9.json,75ee0ac536d3a39fc6f75daec337db6ad5490bef29e97a666af54a1c11adde04
M015661:1,1998-Q4,,42639.9,Million Dollars,1998 4Q,42639.9,95,raw/tabledata_M015661_98fd049aa87c5bb9.json,75ee0ac536d3a39fc6f75daec337db6ad5490bef29e97a666af54a1c11adde04
M015661:1,1999-Q1,,42185.0,Million Dollars,1999 1Q,42185,96,raw/tabledata_M015661_98fd049aa87c5bb9.json,75ee0ac536d3a39fc6f75daec337db6ad5490bef29e97a666af54a1c11adde04
M015661:1,1999-Q2,,43975.5,Million Dollars,1999 2Q,43975.5,97,raw/tabledata_M015661_98fd049aa87c5bb9.json,75ee0ac536d3a39fc6f75daec337db6ad5490bef29e97a666af54a1c11adde04
M015661:1,1999-Q3,,45349.6,Million Dollars,1999 3Q,45349.6,98,raw/tabledata_M015661_98fd049aa87c5bb9.json,75ee0ac536d3a39fc6f75daec337db6ad5490bef29e97a666af54a1c11adde04
M015661:1,1999-Q4,,45683.3,Million Dollars,1999 4Q,45683.3,99,raw/tabledata_M015661_98fd049aa87c5bb9.json,75ee0ac536d3a39fc6f75daec337db6ad5490bef29e97a666af54a1c11adde04
M015661:1,2000-Q1,,45997.5,Million Dollars,2000 1Q,45997.5,100,raw/tabledata_M015661_98fd049aa87c5bb9.json,75ee0ac536d3a39fc6f75daec337db6ad5490bef29e97a666af54a1c11adde04
M015661:1,2000-Q2,,47584.6,Million Dollars,2000 2Q,47584.6,101,raw/tabledata_M015661_98fd049aa87c5bb9.json,75ee0ac536d3a39fc6f75daec337db6ad5490bef29e97a666af54a1c11adde04
M015661:1,2000-Q3,,49671.1,Million Dollars,2000 3Q,49671.1,102,raw/tabledata_M015661_98fd049aa87c5bb9.json,75ee0ac536d3a39fc6f75daec337db6ad5490bef29e97a666af54a1c11adde04
M015661:1,2000-Q4,,49955.5,Million Dollars,2000 4Q,49955.5,103,raw/tabledata_M015661_98fd049aa87c5bb9.json,75ee0ac536d3a39fc6f75daec337db6ad5490bef29e97a666af54a1c11adde04
M015661:1,2001-Q1,,48495.8,Million Dollars,2001 1Q,48495.8,104,raw/tabledata_M015661_98fd049aa87c5bb9.json,75ee0ac536d3a39fc6f75daec337db6ad5490bef29e97a666af54a1c11adde04
M015661:1,2001-Q2,,47825.5,Million Dollars,2001 2Q,47825.5,105,raw/tabledata_M015661_98fd049aa87c5bb9.json,75ee0ac536d3a39fc6f75daec337db6ad5490bef29e97a666af54a1c11adde04
M015661:1,2001-Q3,,47214.0,Million Dollars,2001 3Q,47214,106,raw/tabledata_M015661_98fd049aa87c5bb9.json,75ee0ac536d3a39fc6f75daec337db6ad5490bef29e97a666af54a1c11adde04
M015661:1,2001-Q4,,47604.4,Million Dollars,2001 4Q,47604.4,107,raw/tabledata_M015661_98fd049aa87c5bb9.json,75ee0ac536d3a39fc6f75daec337db6ad5490bef29e97a666af54a1c11adde04
M015661:1,2002-Q1,,47959.6,Million Dollars,2002 1Q,47959.6,108,raw/tabledata_M015661_98fd049aa87c5bb9.json,75ee0ac536d3a39fc6f75daec337db6ad5490bef29e97a666af54a1c11adde04
M015661:1,2002-Q2,,49845.5,Million Dollars,2002 2Q,49845.5,109,raw/tabledata_M015661_98fd049aa87c5bb9.json,75ee0ac536d3a39fc6f75daec337db6ad5490bef29e97a666af54a1c11adde04
M015661:1,2002-Q3,,50336.3,Million Dollars,2002 3Q,50336.3,110,raw/tabledata_M015661_98fd049aa87c5bb9.json,75ee0ac536d3a39fc6f75daec337db6ad5490bef29e97a666af54a1c11adde04
M015661:1,2002-Q4,,50497.4,Million Dollars,2002 4Q,50497.4,111,raw/tabledata_M015661_98fd049aa87c5bb9.json,75ee0ac536d3a39fc6f75daec337db6ad5490bef29e97a666af54a1c11adde04
M015661:1,2003-Q1,,49958.8,Million Dollars,2003 1Q,49958.8,112,raw/tabledata_M015661_98fd049aa87c5bb9.json,75ee0ac536d3a39fc6f75daec337db6ad5490bef29e97a666af54a1c11adde04
M015661:1,2003-Q2,,49717.3,Million Dollars,2003 2Q,49717.3,113,raw/tabledata_M015661_98fd049aa87c5bb9.json,75ee0ac536d3a39fc6f75daec337db6ad5490bef29e97a666af54a1c11adde04
M015661:1,2003-Q3,,53017.6,Million Dollars,2003 3Q,53017.6,114,raw/tabledata_M015661_98fd049aa87c5bb9.json,75ee0ac536d3a39fc6f75daec337db6ad5490bef29e97a666af54a1c11adde04
M015661:1,2003-Q4,,54979.7,Million Dollars,2003 4Q,54979.7,115,raw/tabledata_M015661_98fd049aa87c5bb9.json,75ee0ac536d3a39fc6f75daec337db6ad5490bef29e97a666af54a1c11adde04
M015661:1,2004-Q1,,55124.0,Million Dollars,2004 1Q,55124,116,raw/tabledata_M015661_98fd049aa87c5bb9.json,75ee0ac536d3a39fc6f75daec337db6ad5490bef29e97a666af54a1c11adde04
M015661:1,2004-Q2,,56432.5,Million Dollars,2004 2Q,56432.5,117,raw/tabledata_M015661_98fd049aa87c5bb9.json,75ee0ac536d3a39fc6f75daec337db6ad5490bef29e97a666af54a1c11adde04
M015661:1,2004-Q3,,57486.8,Million Dollars,2004 3Q,57486.8,118,raw/tabledata_M015661_98fd049aa87c5bb9.json,75ee0ac536d3a39fc6f75daec337db6ad5490bef29e97a666af54a1c11adde04
M015661:1,2004-Q4,,59272.8,Million Dollars,2004 4Q,59272.8,119,raw/tabledata_M015661_98fd049aa87c5bb9.json,75ee0ac536d3a39fc6f75daec337db6ad5490bef29e97a666af54a1c11adde04
M015661:1,2005-Q1,,58110.3,Million Dollars,2005 1Q,58110.3,120,raw/tabledata_M015661_98fd049aa87c5bb9.json,75ee0ac536d3a39fc6f75daec337db6ad5490bef29e97a666af54a1c11adde04
M015661:1,2005-Q2,,59959.0,Million Dollars,2005 2Q,59959,121,raw/tabledata_M015661_98fd049aa87c5bb9.json,75ee0ac536d3a39fc6f75daec337db6ad5490bef29e97a666af54a1c11adde04
M015661:1,2005-Q3,,62367.3,Million Dollars,2005 3Q,62367.3,122,raw/tabledata_M015661_98fd049aa87c5bb9.json,75ee0ac536d3a39fc6f75daec337db6ad5490bef29e97a666af54a1c11adde04
M015661:1,2005-Q4,,64698.0,Million Dollars,2005 4Q,64698,123,raw/tabledata_M015661_98fd049aa87c5bb9.json,75ee0ac536d3a39fc6f75daec337db6ad5490bef29e97a666af54a1c11adde04
M015661:1,2006-Q1,,64039.2,Million Dollars,2006 1Q,64039.2,124,raw/tabledata_M015661_98fd049aa87c5bb9.json,75ee0ac536d3a39fc6f75daec337db6ad5490bef29e97a666af54a1c11adde04
M015661:1,2006-Q2,,65220.0,Million Dollars,2006 2Q,65220,125,raw/tabledata_M015661_98fd049aa87c5bb9.json,75ee0ac536d3a39fc6f75daec337db6ad5490bef29e97a666af54a1c11adde04
M015661:1,2006-Q3,,67735.7,Million Dollars,2006 3Q,67735.7,126,raw/tabledata_M015661_98fd049aa87c5bb9.json,75ee0ac536d3a39fc6f75daec337db6ad5490bef29e97a666af54a1c11adde04
M015661:1,2006-Q4,,70218.4,Million Dollars,2006 4Q,70218.4,127,raw/tabledata_M015661_98fd049aa87c5bb9.json,75ee0ac536d3a39fc6f75daec337db6ad5490bef29e97a666af54a1c11adde04
M015661:1,2007-Q1,,69521.8,Million Dollars,2007 1Q,69521.8,128,raw/tabledata_M015661_98fd049aa87c5bb9.json,75ee0ac536d3a39fc6f75daec337db6ad5490bef29e97a666af54a1c11adde04
M015661:1,2007-Q2,,71768.4,Million Dollars,2007 2Q,71768.4,129,raw/tabledata_M015661_98fd049aa87c5bb9.json,75ee0ac536d3a39fc6f75daec337db6ad5490bef29e97a666af54a1c11adde04
M015661:1,2007-Q3,,75167.4,Million Dollars,2007 3Q,75167.4,130,raw/tabledata_M015661_98fd049aa87c5bb9.json,75ee0ac536d3a39fc6f75daec337db6ad5490bef29e97a666af54a1c11adde04
M015661:1,2007-Q4,,74862.4,Million Dollars,2007 4Q,74862.4,131,raw/tabledata_M015661_98fd049aa87c5bb9.json,75ee0ac536d3a39fc6f75daec337db6ad5490bef29e97a666af54a1c11adde04
M015661:1,2008-Q1,,75196.5,Million Dollars,2008 1Q,75196.5,132,raw/tabledata_M015661_98fd049aa87c5bb9.json,75ee0ac536d3a39fc6f75daec337db6ad5490bef29e97a666af54a1c11adde04
M015661:1,2008-Q2,,74147.7,Million Dollars,2008 2Q,74147.7,133,raw/tabledata_M015661_98fd049aa87c5bb9.json,75ee0ac536d3a39fc6f75daec337db6ad5490bef29e97a666af54a1c11adde04
M015661:1,2008-Q3,,75107.9,Million Dollars,2008 3Q,75107.9,134,raw/tabledata_M015661_98fd049aa87c5bb9.json,75ee0ac536d3a39fc6f75daec337db6ad5490bef29e97a666af54a1c11adde04
M015661:1,2008-Q4,,72296.6,Million Dollars,2008 4Q,72296.6,135,raw/tabledata_M015661_98fd049aa87c5bb9.json,75ee0ac536d3a39fc6f75daec337db6ad5490bef29e97a666af54a1c11adde04
M015661:1,2009-Q1,,69395.7,Million Dollars,2009 1Q,69395.7,136,raw/tabledata_M015661_98fd049aa87c5bb9.json,75ee0ac536d3a39fc6f75daec337db6ad5490bef29e97a666af54a1c11adde04
M015661:1,2009-Q2,,73277.9,Million Dollars,2009 2Q,73277.9,137,raw/tabledata_M015661_98fd049aa87c5bb9.json,75ee0ac536d3a39fc6f75daec337db6ad5490bef29e97a666af54a1c11adde04
M015661:1,2009-Q3,,77238.8,Million Dollars,2009 3Q,77238.8,138,raw/tabledata_M015661_98fd049aa87c5bb9.json,75ee0ac536d3a39fc6f75daec337db6ad5490bef29e97a666af54a1c11adde04
M015661:1,2009-Q4,,77216.0,Million Dollars,2009 4Q,77216,139,raw/tabledata_M015661_98fd049aa87c5bb9.json,75ee0ac536d3a39fc6f75daec337db6ad5490bef29e97a666af54a1c11adde04
M015661:1,2010-Q1,,80698.6,Million Dollars,2010 1Q,80698.6,140,raw/tabledata_M015661_98fd049aa87c5bb9.json,75ee0ac536d3a39fc6f75daec337db6ad5490bef29e97a666af54a1c11adde04
M015661:1,2010-Q2,,86924.0,Million Dollars,2010 2Q,86924,141,raw/tabledata_M015661_98fd049aa87c5bb9.json,75ee0ac536d3a39fc6f75daec337db6ad5490bef29e97a666af54a1c11adde04
M015661:1,2010-Q3,,85183.5,Million Dollars,2010 3Q,85183.5,142,raw/tabledata_M015661_98fd049aa87c5bb9.json,75ee0ac536d3a39fc6f75daec337db6ad5490bef29e97a666af54a1c11adde04
M015661:1,2010-Q4,,87464.6,Million Dollars,2010 4Q,87464.6,143,raw/tabledata_M015661_98fd049aa87c5bb9.json,75ee0ac536d3a39fc6f75daec337db6ad5490bef29e97a666af54a1c11adde04
M015661:1,2011-Q1,,88086.0,Million Dollars,2011 1Q,88086,144,raw/tabledata_M015661_98fd049aa87c5bb9.json,75ee0ac536d3a39fc6f75daec337db6ad5490bef29e97a666af54a1c11adde04
M015661:1,2011-Q2,,89460.8,Million Dollars,2011 2Q,89460.8,145,raw/tabledata_M015661_98fd049aa87c5bb9.json,75ee0ac536d3a39fc6f75daec337db6ad5490bef29e97a666af54a1c11adde04
M015661:1,2011-Q3,,91787.2,Million Dollars,2011 3Q,91787.2,146,raw/tabledata_M015661_98fd049aa87c5bb9.json,75ee0ac536d3a39fc6f75daec337db6ad5490bef29e97a666af54a1c11adde04
M015661:1,2011-Q4,,92084.3,Million Dollars,2011 4Q,92084.3,147,raw/tabledata_M015661_98fd049aa87c5bb9.json,75ee0ac536d3a39fc6f75daec337db6ad5490bef29e97a666af54a1c11adde04
M015661:1,2012-Q1,,92354.3,Million Dollars,2012 1Q,92354.3,148,raw/tabledata_M015661_98fd049aa87c5bb9.json,75ee0ac536d3a39fc6f75daec337db6ad5490bef29e97a666af54a1c11adde04
M015661:1,2012-Q2,,94982.9,Million Dollars,2012 2Q,94982.9,149,raw/tabledata_M015661_98fd049aa87c5bb9.json,75ee0ac536d3a39fc6f75daec337db6ad5490bef29e97a666af54a1c11adde04
M015661:1,2012-Q3,,93656.6,Million Dollars,2012 3Q,93656.6,150,raw/tabledata_M015661_98fd049aa87c5bb9.json,75ee0ac536d3a39fc6f75daec337db6ad5490bef29e97a666af54a1c11adde04
M015661:1,2012-Q4,,96455.2,Million Dollars,2012 4Q,96455.2,151,raw/tabledata_M015661_98fd049aa87c5bb9.json,75ee0ac536d3a39fc6f75daec337db6ad5490bef29e97a666af54a1c11adde04
M015661:1,2013-Q1,,95523.0,Million Dollars,2013 1Q,95523,152,raw/tabledata_M015661_98fd049aa87c5bb9.json,75ee0ac536d3a39fc6f75daec337db6ad5490bef29e97a666af54a1c11adde04
M015661:1,2013-Q2,,99358.7,Million Dollars,2013 2Q,99358.7,153,raw/tabledata_M015661_98fd049aa87c5bb9.json,75ee0ac536d3a39fc6f75daec337db6ad5490bef29e97a666af54a1c11adde04
M015661:1,2013-Q3,,99385.2,Million Dollars,2013 3Q,99385.2,154,raw/tabledata_M015661_98fd049aa87c5bb9.json,75ee0ac536d3a39fc6f75daec337db6ad5490bef29e97a666af54a1c11adde04
M015661:1,2013-Q4,,101366.2,Million Dollars,2013 4Q,101366.2,155,raw/tabledata_M015661_98fd049aa87c5bb9.json,75ee0ac536d3a39fc6f75daec337db6ad5490bef29e97a666af54a1c11adde04
M015661:1,2014-Q1,,99610.7,Million Dollars,2014 1Q,99610.7,156,raw/tabledata_M015661_98fd049aa87c5bb9.json,75ee0ac536d3a39fc6f75daec337db6ad5490bef29e97a666af54a1c11adde04
M015661:1,2014-Q2,,102643.0,Million Dollars,2014 2Q,102643,157,raw/tabledata_M015661_98fd049aa87c5bb9.json,75ee0ac536d3a39fc6f75daec337db6ad5490bef29e97a666af54a1c11adde04
M015661:1,2014-Q3,,103017.9,Million Dollars,2014 3Q,103017.9,158,raw/tabledata_M015661_98fd049aa87c5bb9.json,75ee0ac536d3a39fc6f75daec337db6ad5490bef29e97a666af54a1c11adde04
M015661:1,2014-Q4,,105931.8,Million Dollars,2014 4Q,105931.8,159,raw/tabledata_M015661_98fd049aa87c5bb9.json,75ee0ac536d3a39fc6f75daec337db6ad5490bef29e97a666af54a1c11adde04
M015661:1,2015-Q1,,102572.2,Million Dollars,2015 1Q,102572.2,160,raw/tabledata_M015661_98fd049aa87c5bb9.json,75ee0ac536d3a39fc6f75daec337db6ad5490bef29e97a666af54a1c11adde04
M015661:1,2015-Q2,,105849.7,Million Dollars,2015 2Q,105849.7,161,raw/tabledata_M015661_98fd049aa87c5bb9.json,75ee0ac536d3a39fc6f75daec337db6ad5490bef29e97a666af54a1c11adde04
M015661:1,2015-Q3,,106783.3,Million Dollars,2015 3Q,106783.3,162,raw/tabledata_M015661_98fd049aa87c5bb9.json,75ee0ac536d3a39fc6f75daec337db6ad5490bef29e97a666af54a1c11adde04
M015661:1,2015-Q4,,108238.9,Million Dollars,2015 4Q,108238.9,163,raw/tabledata_M015661_98fd049aa87c5bb9.json,75ee0ac536d3a39fc6f75daec337db6ad5490bef29e97a666af54a1c11adde04
M015661:1,2016-Q1,,106190.7,Million Dollars,2016 1Q,106190.7,164,raw/tabledata_M015661_98fd049aa87c5bb9.json,75ee0ac536d3a39fc6f75daec337db6ad5490bef29e97a666af54a1c11adde04
M015661:1,2016-Q2,,109432.4,Million Dollars,2016 2Q,109432.4,165,raw/tabledata_M015661_98fd049aa87c5bb9.json,75ee0ac536d3a39fc6f75daec337db6ad5490bef29e97a666af54a1c11adde04
M015661:1,2016-Q3,,110520.5,Million Dollars,2016 3Q,110520.5,166,raw/tabledata_M015661_98fd049aa87c5bb9.json,75ee0ac536d3a39fc6f75daec337db6ad5490bef29e97a666af54a1c11adde04
M015661:1,2016-Q4,,113861.2,Million Dollars,2016 4Q,113861.2,167,raw/tabledata_M015661_98fd049aa87c5bb9.json,75ee0ac536d3a39fc6f75daec337db6ad5490bef29e97a666af54a1c11adde04
M015661:1,2017-Q1,,111053.1,Million Dollars,2017 1Q,111053.1,168,raw/tabledata_M015661_98fd049aa87c5bb9.json,75ee0ac536d3a39fc6f75daec337db6ad5490bef29e97a666af54a1c11adde04
M015661:1,2017-Q2,,113261.8,Million Dollars,2017 2Q,113261.8,169,raw/tabledata_M015661_98fd049aa87c5bb9.json,75ee0ac536d3a39fc6f75daec337db6ad5490bef29e97a666af54a1c11adde04
M015661:1,2017-Q3,,116081.1,Million Dollars,2017 3Q,116081.1,170,raw/tabledata_M015661_98fd049aa87c5bb9.json,75ee0ac536d3a39fc6f75daec337db6ad5490bef29e97a666af54a1c11adde04
M015661:1,2017-Q4,,118646.9,Million Dollars,2017 4Q,118646.9,171,raw/tabledata_M015661_98fd049aa87c5bb9.json,75ee0ac536d3a39fc6f75daec337db6ad5490bef29e97a666af54a1c11adde04
M015661:1,2018-Q1,,115945.5,Million Dollars,2018 1Q,115945.5,172,raw/tabledata_M015661_98fd049aa87c5bb9.json,75ee0ac536d3a39fc6f75daec337db6ad5490bef29e97a666af54a1c11adde04
M015661:1,2018-Q2,,118401.5,Million Dollars,2018 2Q,118401.5,173,raw/tabledata_M015661_98fd049aa87c5bb9.json,75ee0ac536d3a39fc6f75daec337db6ad5490bef29e97a666af54a1c11adde04
M015661:1,2018-Q3,,119333.7,Million Dollars,2018 3Q,119333.7,174,raw/tabledata_M015661_98fd049aa87c5bb9.json,75ee0ac536d3a39fc6f75daec337db6ad5490bef29e97a666af54a1c11adde04
M015661:1,2018-Q4,,119990.1,Million Dollars,2018 4Q,119990.1,175,raw/tabledata_M015661_98fd049aa87c5bb9.json,75ee0ac536d3a39fc6f75daec337db6ad5490bef29e97a666af54a1c11adde04
M015661:1,2019-Q1,,117458.1,Million Dollars,2019 1Q,117458.1,176,raw/tabledata_M015661_98fd049aa87c5bb9.json,75ee0ac536d3a39fc6f75daec337db6ad5490bef29e97a666af54a1c11adde04
M015661:1,2019-Q2,,119672.3,Million Dollars,2019 2Q,119672.3,177,raw/tabledata_M015661_98fd049aa87c5bb9.json,75ee0ac536d3a39fc6f75daec337db6ad5490bef29e97a666af54a1c11adde04
M015661:1,2019-Q3,,120066.1,Million Dollars,2019 3Q,120066.1,178,raw/tabledata_M015661_98fd049aa87c5bb9.json,75ee0ac536d3a39fc6f75daec337db6ad5490bef29e97a666af54a1c11adde04
M015661:1,2019-Q4,,121963.1,Million Dollars,2019 4Q,121963.1,179,raw/tabledata_M015661_98fd049aa87c5bb9.json,75ee0ac536d3a39fc6f75daec337db6ad5490bef29e97a666af54a1c11adde04
M015661:1,2020-Q1,,119069.5,Million Dollars,2020 1Q,119069.5,180,raw/tabledata_M015661_98fd049aa87c5bb9.json,75ee0ac536d3a39fc6f75daec337db6ad5490bef29e97a666af54a1c11adde04
M015661:1,2020-Q2,,105617.4,Million Dollars,2020 2Q,105617.4,181,raw/tabledata_M015661_98fd049aa87c5bb9.json,75ee0ac536d3a39fc6f75daec337db6ad5490bef29e97a666af54a1c11adde04
M015661:1,2020-Q3,,115340.7,Million Dollars,2020 3Q,115340.7,182,raw/tabledata_M015661_98fd049aa87c5bb9.json,75ee0ac536d3a39fc6f75daec337db6ad5490bef29e97a666af54a1c11adde04
M015661:1,2020-Q4,,121830.3,Million Dollars,2020 4Q,121830.3,183,raw/tabledata_M015661_98fd049aa87c5bb9.json,75ee0ac536d3a39fc6f75daec337db6ad5490bef29e97a666af54a1c11adde04
M015661:1,2021-Q1,,124900.2,Million Dollars,2021 1Q,124900.2,184,raw/tabledata_M015661_98fd049aa87c5bb9.json,75ee0ac536d3a39fc6f75daec337db6ad5490bef29e97a666af54a1c11adde04
M015661:1,2021-Q2,,125600.2,Million Dollars,2021 2Q,125600.2,185,raw/tabledata_M015661_98fd049aa87c5bb9.json,75ee0ac536d3a39fc6f75daec337db6ad5490bef29e97a666af54a1c11adde04
M015661:1,2021-Q3,,126558.1,Million Dollars,2021 3Q,126558.1,186,raw/tabledata_M015661_98fd049aa87c5bb9.json,75ee0ac536d3a39fc6f75daec337db6ad5490bef29e97a666af54a1c11adde04
M015661:1,2021-Q4,,131636.8,Million Dollars,2021 4Q,131636.8,187,raw/tabledata_M015661_98fd049aa87c5bb9.json,75ee0ac536d3a39fc6f75daec337db6ad5490bef29e97a666af54a1c11adde04
M015661:1,2022-Q1,,130363.9,Million Dollars,2022 1Q,130363.9,188,raw/tabledata_M015661_98fd049aa87c5bb9.json,75ee0ac536d3a39fc6f75daec337db6ad5490bef29e97a666af54a1c11adde04
M015661:1,2022-Q2,,131892.4,Million Dollars,2022 2Q,131892.4,189,raw/tabledata_M015661_98fd049aa87c5bb9.json,75ee0ac536d3a39fc6f75daec337db6ad5490bef29e97a666af54a1c11adde04
M015661:1,2022-Q3,,132068.6,Million Dollars,2022 3Q,132068.6,190,raw/tabledata_M015661_98fd049aa87c5bb9.json,75ee0ac536d3a39fc6f75daec337db6ad5490bef29e97a666af54a1c11adde04
M015661:1,2022-Q4,,134770.5,Million Dollars,2022 4Q,134770.5,191,raw/tabledata_M015661_98fd049aa87c5bb9.json,75ee0ac536d3a39fc6f75daec337db6ad5490bef29e97a666af54a1c11adde04
M015661:1,2023-Q1,,130957.2,Million Dollars,2023 1Q,130957.2,192,raw/tabledata_M015661_98fd049aa87c5bb9.json,75ee0ac536d3a39fc6f75daec337db6ad5490bef29e97a666af54a1c11adde04
M015661:1,2023-Q2,,132664.3,Million Dollars,2023 2Q,132664.3,193,raw/tabledata_M015661_98fd049aa87c5bb9.json,75ee0ac536d3a39fc6f75daec337db6ad5490bef29e97a666af54a1c11adde04
M015661:1,2023-Q3,,134191.1,Million Dollars,2023 3Q,134191.1,194,raw/tabledata_M015661_98fd049aa87c5bb9.json,75ee0ac536d3a39fc6f75daec337db6ad5490bef29e97a666af54a1c11adde04
M015661:1,2023-Q4,,138956.1,Million Dollars,2023 4Q,138956.1,195,raw/tabledata_M015661_98fd049aa87c5bb9.json,75ee0ac536d3a39fc6f75daec337db6ad5490bef29e97a666af54a1c11adde04
M015661:1,2024-Q1,,136585.2,Million Dollars,2024 1Q,136585.2,196,raw/tabledata_M015661_98fd049aa87c5bb9.json,75ee0ac536d3a39fc6f75daec337db6ad5490bef29e97a666af54a1c11adde04
M015661:1,2024-Q2,,139040.0,Million Dollars,2024 2Q,139040,197,raw/tabledata_M015661_98fd049aa87c5bb9.json,75ee0ac536d3a39fc6f75daec337db6ad5490bef29e97a666af54a1c11adde04
M015661:1,2024-Q3,,143573.7,Million Dollars,2024 3Q,143573.7,198,raw/tabledata_M015661_98fd049aa87c5bb9.json,75ee0ac536d3a39fc6f75daec337db6ad5490bef29e97a666af54a1c11adde04
M015661:1,2024-Q4,,146252.1,Million Dollars,2024 4Q,146252.1,199,raw/tabledata_M015661_98fd049aa87c5bb9.json,75ee0ac536d3a39fc6f75daec337db6ad5490bef29e97a666af54a1c11adde04
M015661:1,2025-Q1,,142732.2,Million Dollars,2025 1Q,142732.2,200,raw/tabledata_M015661_98fd049aa87c5bb9.json,75ee0ac536d3a39fc6f75daec337db6ad5490bef29e97a666af54a1c11adde04
M015661:1,2025-Q2,,146542.1,Million Dollars,2025 2Q,146542.1,201,raw/tabledata_M015661_98fd049aa87c5bb9.json,75ee0ac536d3a39fc6f75daec337db6ad5490bef29e97a666af54a1c11adde04
M015661:1,2025-Q3,,149989.0,Million Dollars,2025 3Q,149989,202,raw/tabledata_M015661_98fd049aa87c5bb9.json,75ee0ac536d3a39fc6f75daec337db6ad5490bef29e97a666af54a1c11adde04
M015661:1,2025-Q4,,154606.6,Million Dollars,2025 4Q,154606.6,203,raw/tabledata_M015661_98fd049aa87c5bb9.json,75ee0ac536d3a39fc6f75daec337db6ad5490bef29e97a666af54a1c11adde04
M015661:1,2026-Q1,,151682.7,Million Dollars,2026 1Q,151682.7,204,raw/tabledata_M015661_98fd049aa87c5bb9.json,75ee0ac536d3a39fc6f75daec337db6ad5490bef29e97a666af54a1c11adde04
M015661:1,2026-Q2,,155247.2,Million Dollars,2026 2Q,155247.2,205,raw/tabledata_M015661_98fd049aa87c5bb9.json,75ee0ac536d3a39fc6f75daec337db6ad5490bef29e97a666af54a1c11adde04
M182342:2,1992-Q1,,2.2,Per Cent,1992 1Q,2.2,0,raw/tabledata_M182342_48b7788b41cef5e4.json,423145ac0300c87df69f4510f10a0e31016ff562f286c98ed04f97115ed7549c
M182342:2,1992-Q2,,2.1,Per Cent,1992 2Q,2.1,1,raw/tabledata_M182342_48b7788b41cef5e4.json,423145ac0300c87df69f4510f10a0e31016ff562f286c98ed04f97115ed7549c
M182342:2,1992-Q3,,2.4,Per Cent,1992 3Q,2.4,2,raw/tabledata_M182342_48b7788b41cef5e4.json,423145ac0300c87df69f4510f10a0e31016ff562f286c98ed04f97115ed7549c
M182342:2,1992-Q4,,2.0,Per Cent,1992 4Q,2,3,raw/tabledata_M182342_48b7788b41cef5e4.json,423145ac0300c87df69f4510f10a0e31016ff562f286c98ed04f97115ed7549c
M182342:2,1993-Q1,,1.9,Per Cent,1993 1Q,1.9,4,raw/tabledata_M182342_48b7788b41cef5e4.json,423145ac0300c87df69f4510f10a0e31016ff562f286c98ed04f97115ed7549c
M182342:2,1993-Q2,,2.1,Per Cent,1993 2Q,2.1,5,raw/tabledata_M182342_48b7788b41cef5e4.json,423145ac0300c87df69f4510f10a0e31016ff562f286c98ed04f97115ed7549c
M182342:2,1993-Q3,,2.3,Per Cent,1993 3Q,2.3,6,raw/tabledata_M182342_48b7788b41cef5e4.json,423145ac0300c87df69f4510f10a0e31016ff562f286c98ed04f97115ed7549c
M182342:2,1993-Q4,,2.0,Per Cent,1993 4Q,2,7,raw/tabledata_M182342_48b7788b41cef5e4.json,423145ac0300c87df69f4510f10a0e31016ff562f286c98ed04f97115ed7549c
M182342:2,1994-Q1,,2.1,Per Cent,1994 1Q,2.1,8,raw/tabledata_M182342_48b7788b41cef5e4.json,423145ac0300c87df69f4510f10a0e31016ff562f286c98ed04f97115ed7549c
M182342:2,1994-Q2,,2.0,Per Cent,1994 2Q,2,9,raw/tabledata_M182342_48b7788b41cef5e4.json,423145ac0300c87df69f4510f10a0e31016ff562f286c98ed04f97115ed7549c
M182342:2,1994-Q3,,2.3,Per Cent,1994 3Q,2.3,10,raw/tabledata_M182342_48b7788b41cef5e4.json,423145ac0300c87df69f4510f10a0e31016ff562f286c98ed04f97115ed7549c
M182342:2,1994-Q4,,2.3,Per Cent,1994 4Q,2.3,11,raw/tabledata_M182342_48b7788b41cef5e4.json,423145ac0300c87df69f4510f10a0e31016ff562f286c98ed04f97115ed7549c
M182342:2,1995-Q1,,2.2,Per Cent,1995 1Q,2.2,12,raw/tabledata_M182342_48b7788b41cef5e4.json,423145ac0300c87df69f4510f10a0e31016ff562f286c98ed04f97115ed7549c
M182342:2,1995-Q2,,2.3,Per Cent,1995 2Q,2.3,13,raw/tabledata_M182342_48b7788b41cef5e4.json,423145ac0300c87df69f4510f10a0e31016ff562f286c98ed04f97115ed7549c
M182342:2,1995-Q3,,2.1,Per Cent,1995 3Q,2.1,14,raw/tabledata_M182342_48b7788b41cef5e4.json,423145ac0300c87df69f4510f10a0e31016ff562f286c98ed04f97115ed7549c
M182342:2,1995-Q4,,2.2,Per Cent,1995 4Q,2.2,15,raw/tabledata_M182342_48b7788b41cef5e4.json,423145ac0300c87df69f4510f10a0e31016ff562f286c98ed04f97115ed7549c
M182342:2,1996-Q1,,2.3,Per Cent,1996 1Q,2.3,16,raw/tabledata_M182342_48b7788b41cef5e4.json,423145ac0300c87df69f4510f10a0e31016ff562f286c98ed04f97115ed7549c
M182342:2,1996-Q2,,2.2,Per Cent,1996 2Q,2.2,17,raw/tabledata_M182342_48b7788b41cef5e4.json,423145ac0300c87df69f4510f10a0e31016ff562f286c98ed04f97115ed7549c
M182342:2,1996-Q3,,2.0,Per Cent,1996 3Q,2,18,raw/tabledata_M182342_48b7788b41cef5e4.json,423145ac0300c87df69f4510f10a0e31016ff562f286c98ed04f97115ed7549c
M182342:2,1996-Q4,,2.0,Per Cent,1996 4Q,2,19,raw/tabledata_M182342_48b7788b41cef5e4.json,423145ac0300c87df69f4510f10a0e31016ff562f286c98ed04f97115ed7549c
M182342:2,1997-Q1,,1.9,Per Cent,1997 1Q,1.9,20,raw/tabledata_M182342_48b7788b41cef5e4.json,423145ac0300c87df69f4510f10a0e31016ff562f286c98ed04f97115ed7549c
M182342:2,1997-Q2,,1.8,Per Cent,1997 2Q,1.8,21,raw/tabledata_M182342_48b7788b41cef5e4.json,423145ac0300c87df69f4510f10a0e31016ff562f286c98ed04f97115ed7549c
M182342:2,1997-Q3,,1.9,Per Cent,1997 3Q,1.9,22,raw/tabledata_M182342_48b7788b41cef5e4.json,423145ac0300c87df69f4510f10a0e31016ff562f286c98ed04f97115ed7549c
M182342:2,1997-Q4,,2.2,Per Cent,1997 4Q,2.2,23,raw/tabledata_M182342_48b7788b41cef5e4.json,423145ac0300c87df69f4510f10a0e31016ff562f286c98ed04f97115ed7549c
M182342:2,1998-Q1,,2.4,Per Cent,1998 1Q,2.4,24,raw/tabledata_M182342_48b7788b41cef5e4.json,423145ac0300c87df69f4510f10a0e31016ff562f286c98ed04f97115ed7549c
M182342:2,1998-Q2,,2.5,Per Cent,1998 2Q,2.5,25,raw/tabledata_M182342_48b7788b41cef5e4.json,423145ac0300c87df69f4510f10a0e31016ff562f286c98ed04f97115ed7549c
M182342:2,1998-Q3,,4.5,Per Cent,1998 3Q,4.5,26,raw/tabledata_M182342_48b7788b41cef5e4.json,423145ac0300c87df69f4510f10a0e31016ff562f286c98ed04f97115ed7549c
M182342:2,1998-Q4,,4.7,Per Cent,1998 4Q,4.7,27,raw/tabledata_M182342_48b7788b41cef5e4.json,423145ac0300c87df69f4510f10a0e31016ff562f286c98ed04f97115ed7549c
M182342:2,1999-Q1,,4.2,Per Cent,1999 1Q,4.2,28,raw/tabledata_M182342_48b7788b41cef5e4.json,423145ac0300c87df69f4510f10a0e31016ff562f286c98ed04f97115ed7549c
M182342:2,1999-Q2,,3.7,Per Cent,1999 2Q,3.7,29,raw/tabledata_M182342_48b7788b41cef5e4.json,423145ac0300c87df69f4510f10a0e31016ff562f286c98ed04f97115ed7549c
M182342:2,1999-Q3,,4.0,Per Cent,1999 3Q,4,30,raw/tabledata_M182342_48b7788b41cef5e4.json,423145ac0300c87df69f4510f10a0e31016ff562f286c98ed04f97115ed7549c
M182342:2,1999-Q4,,3.3,Per Cent,1999 4Q,3.3,31,raw/tabledata_M182342_48b7788b41cef5e4.json,423145ac0300c87df69f4510f10a0e31016ff562f286c98ed04f97115ed7549c
M182342:2,2000-Q1,,3.8,Per Cent,2000 1Q,3.8,32,raw/tabledata_M182342_48b7788b41cef5e4.json,423145ac0300c87df69f4510f10a0e31016ff562f286c98ed04f97115ed7549c
M182342:2,2000-Q2,,4.6,Per Cent,2000 2Q,4.6,33,raw/tabledata_M182342_48b7788b41cef5e4.json,423145ac0300c87df69f4510f10a0e31016ff562f286c98ed04f97115ed7549c
M182342:2,2000-Q3,,2.8,Per Cent,2000 3Q,2.8,34,raw/tabledata_M182342_48b7788b41cef5e4.json,423145ac0300c87df69f4510f10a0e31016ff562f286c98ed04f97115ed7549c
M182342:2,2000-Q4,,3.1,Per Cent,2000 4Q,3.1,35,raw/tabledata_M182342_48b7788b41cef5e4.json,423145ac0300c87df69f4510f10a0e31016ff562f286c98ed04f97115ed7549c
M182342:2,2001-Q1,,2.6,Per Cent,2001 1Q,2.6,36,raw/tabledata_M182342_48b7788b41cef5e4.json,423145ac0300c87df69f4510f10a0e31016ff562f286c98ed04f97115ed7549c
M182342:2,2001-Q2,,3.0,Per Cent,2001 2Q,3,37,raw/tabledata_M182342_48b7788b41cef5e4.json,423145ac0300c87df69f4510f10a0e31016ff562f286c98ed04f97115ed7549c
M182342:2,2001-Q3,,4.0,Per Cent,2001 3Q,4,38,raw/tabledata_M182342_48b7788b41cef5e4.json,423145ac0300c87df69f4510f10a0e31016ff562f286c98ed04f97115ed7549c
M182342:2,2001-Q4,,5.2,Per Cent,2001 4Q,5.2,39,raw/tabledata_M182342_48b7788b41cef5e4.json,423145ac0300c87df69f4510f10a0e31016ff562f286c98ed04f97115ed7549c
M182342:2,2002-Q1,,5.0,Per Cent,2002 1Q,5,40,raw/tabledata_M182342_48b7788b41cef5e4.json,423145ac0300c87df69f4510f10a0e31016ff562f286c98ed04f97115ed7549c
M182342:2,2002-Q2,,4.5,Per Cent,2002 2Q,4.5,41,raw/tabledata_M182342_48b7788b41cef5e4.json,423145ac0300c87df69f4510f10a0e31016ff562f286c98ed04f97115ed7549c
M182342:2,2002-Q3,,4.9,Per Cent,2002 3Q,4.9,42,raw/tabledata_M182342_48b7788b41cef5e4.json,423145ac0300c87df69f4510f10a0e31016ff562f286c98ed04f97115ed7549c
M182342:2,2002-Q4,,4.9,Per Cent,2002 4Q,4.9,43,raw/tabledata_M182342_48b7788b41cef5e4.json,423145ac0300c87df69f4510f10a0e31016ff562f286c98ed04f97115ed7549c
M182342:2,2003-Q1,,5.0,Per Cent,2003 1Q,5,44,raw/tabledata_M182342_48b7788b41cef5e4.json,423145ac0300c87df69f4510f10a0e31016ff562f286c98ed04f97115ed7549c
M182342:2,2003-Q2,,4.7,Per Cent,2003 2Q,4.7,45,raw/tabledata_M182342_48b7788b41cef5e4.json,423145ac0300c87df69f4510f10a0e31016ff562f286c98ed04f97115ed7549c
M182342:2,2003-Q3,,6.2,Per Cent,2003 3Q,6.2,46,raw/tabledata_M182342_48b7788b41cef5e4.json,423145ac0300c87df69f4510f10a0e31016ff562f286c98ed04f97115ed7549c
M182342:2,2003-Q4,,5.2,Per Cent,2003 4Q,5.2,47,raw/tabledata_M182342_48b7788b41cef5e4.json,423145ac0300c87df69f4510f10a0e31016ff562f286c98ed04f97115ed7549c
M182342:2,2004-Q1,,4.9,Per Cent,2004 1Q,4.9,48,raw/tabledata_M182342_48b7788b41cef5e4.json,423145ac0300c87df69f4510f10a0e31016ff562f286c98ed04f97115ed7549c
M182342:2,2004-Q2,,4.7,Per Cent,2004 2Q,4.7,49,raw/tabledata_M182342_48b7788b41cef5e4.json,423145ac0300c87df69f4510f10a0e31016ff562f286c98ed04f97115ed7549c
M182342:2,2004-Q3,,4.0,Per Cent,2004 3Q,4,50,raw/tabledata_M182342_48b7788b41cef5e4.json,423145ac0300c87df69f4510f10a0e31016ff562f286c98ed04f97115ed7549c
M182342:2,2004-Q4,,4.2,Per Cent,2004 4Q,4.2,51,raw/tabledata_M182342_48b7788b41cef5e4.json,423145ac0300c87df69f4510f10a0e31016ff562f286c98ed04f97115ed7549c
M182342:2,2005-Q1,,4.2,Per Cent,2005 1Q,4.2,52,raw/tabledata_M182342_48b7788b41cef5e4.json,423145ac0300c87df69f4510f10a0e31016ff562f286c98ed04f97115ed7549c
M182342:2,2005-Q2,,4.4,Per Cent,2005 2Q,4.4,53,raw/tabledata_M182342_48b7788b41cef5e4.json,423145ac0300c87df69f4510f10a0e31016ff562f286c98ed04f97115ed7549c
M182342:2,2005-Q3,,4.4,Per Cent,2005 3Q,4.4,54,raw/tabledata_M182342_48b7788b41cef5e4.json,423145ac0300c87df69f4510f10a0e31016ff562f286c98ed04f97115ed7549c
M182342:2,2005-Q4,,3.5,Per Cent,2005 4Q,3.5,55,raw/tabledata_M182342_48b7788b41cef5e4.json,423145ac0300c87df69f4510f10a0e31016ff562f286c98ed04f97115ed7549c
M182342:2,2006-Q1,,3.3,Per Cent,2006 1Q,3.3,56,raw/tabledata_M182342_48b7788b41cef5e4.json,423145ac0300c87df69f4510f10a0e31016ff562f286c98ed04f97115ed7549c
M182342:2,2006-Q2,,3.5,Per Cent,2006 2Q,3.5,57,raw/tabledata_M182342_48b7788b41cef5e4.json,423145ac0300c87df69f4510f10a0e31016ff562f286c98ed04f97115ed7549c
M182342:2,2006-Q3,,3.7,Per Cent,2006 3Q,3.7,58,raw/tabledata_M182342_48b7788b41cef5e4.json,423145ac0300c87df69f4510f10a0e31016ff562f286c98ed04f97115ed7549c
M182342:2,2006-Q4,,3.8,Per Cent,2006 4Q,3.8,59,raw/tabledata_M182342_48b7788b41cef5e4.json,423145ac0300c87df69f4510f10a0e31016ff562f286c98ed04f97115ed7549c
M182342:2,2007-Q1,,3.7,Per Cent,2007 1Q,3.7,60,raw/tabledata_M182342_48b7788b41cef5e4.json,423145ac0300c87df69f4510f10a0e31016ff562f286c98ed04f97115ed7549c
M182342:2,2007-Q2,,3.1,Per Cent,2007 2Q,3.1,61,raw/tabledata_M182342_48b7788b41cef5e4.json,423145ac0300c87df69f4510f10a0e31016ff562f286c98ed04f97115ed7549c
M182342:2,2007-Q3,,2.4,Per Cent,2007 3Q,2.4,62,raw/tabledata_M182342_48b7788b41cef5e4.json,423145ac0300c87df69f4510f10a0e31016ff562f286c98ed04f97115ed7549c
M182342:2,2007-Q4,,2.5,Per Cent,2007 4Q,2.5,63,raw/tabledata_M182342_48b7788b41cef5e4.json,423145ac0300c87df69f4510f10a0e31016ff562f286c98ed04f97115ed7549c
M182342:2,2008-Q1,,2.7,Per Cent,2008 1Q,2.7,64,raw/tabledata_M182342_48b7788b41cef5e4.json,423145ac0300c87df69f4510f10a0e31016ff562f286c98ed04f97115ed7549c
M182342:2,2008-Q2,,3.0,Per Cent,2008 2Q,3,65,raw/tabledata_M182342_48b7788b41cef5e4.json,423145ac0300c87df69f4510f10a0e31016ff562f286c98ed04f97115ed7549c
M182342:2,2008-Q3,,3.4,Per Cent,2008 3Q,3.4,66,raw/tabledata_M182342_48b7788b41cef5e4.json,423145ac0300c87df69f4510f10a0e31016ff562f286c98ed04f97115ed7549c
M182342:2,2008-Q4,,3.9,Per Cent,2008 4Q,3.9,67,raw/tabledata_M182342_48b7788b41cef5e4.json,423145ac0300c87df69f4510f10a0e31016ff562f286c98ed04f97115ed7549c
M182342:2,2009-Q1,,4.6,Per Cent,2009 1Q,4.6,68,raw/tabledata_M182342_48b7788b41cef5e4.json,423145ac0300c87df69f4510f10a0e31016ff562f286c98ed04f97115ed7549c
M182342:2,2009-Q2,,4.5,Per Cent,2009 2Q,4.5,69,raw/tabledata_M182342_48b7788b41cef5e4.json,423145ac0300c87df69f4510f10a0e31016ff562f286c98ed04f97115ed7549c
M182342:2,2009-Q3,,4.9,Per Cent,2009 3Q,4.9,70,raw/tabledata_M182342_48b7788b41cef5e4.json,423145ac0300c87df69f4510f10a0e31016ff562f286c98ed04f97115ed7549c
M182342:2,2009-Q4,,3.3,Per Cent,2009 4Q,3.3,71,raw/tabledata_M182342_48b7788b41cef5e4.json,423145ac0300c87df69f4510f10a0e31016ff562f286c98ed04f97115ed7549c
M182342:2,2010-Q1,,3.2,Per Cent,2010 1Q,3.2,72,raw/tabledata_M182342_48b7788b41cef5e4.json,423145ac0300c87df69f4510f10a0e31016ff562f286c98ed04f97115ed7549c
M182342:2,2010-Q2,,3.1,Per Cent,2010 2Q,3.1,73,raw/tabledata_M182342_48b7788b41cef5e4.json,423145ac0300c87df69f4510f10a0e31016ff562f286c98ed04f97115ed7549c
M182342:2,2010-Q3,,3.1,Per Cent,2010 3Q,3.1,74,raw/tabledata_M182342_48b7788b41cef5e4.json,423145ac0300c87df69f4510f10a0e31016ff562f286c98ed04f97115ed7549c
M182342:2,2010-Q4,,3.1,Per Cent,2010 4Q,3.1,75,raw/tabledata_M182342_48b7788b41cef5e4.json,423145ac0300c87df69f4510f10a0e31016ff562f286c98ed04f97115ed7549c
M182342:2,2011-Q1,,2.8,Per Cent,2011 1Q,2.8,76,raw/tabledata_M182342_48b7788b41cef5e4.json,423145ac0300c87df69f4510f10a0e31016ff562f286c98ed04f97115ed7549c
M182342:2,2011-Q2,,2.9,Per Cent,2011 2Q,2.9,77,raw/tabledata_M182342_48b7788b41cef5e4.json,423145ac0300c87df69f4510f10a0e31016ff562f286c98ed04f97115ed7549c
M182342:2,2011-Q3,,2.9,Per Cent,2011 3Q,2.9,78,raw/tabledata_M182342_48b7788b41cef5e4.json,423145ac0300c87df69f4510f10a0e31016ff562f286c98ed04f97115ed7549c
M182342:2,2011-Q4,,2.9,Per Cent,2011 4Q,2.9,79,raw/tabledata_M182342_48b7788b41cef5e4.json,423145ac0300c87df69f4510f10a0e31016ff562f286c98ed04f97115ed7549c
M182342:2,2012-Q1,,2.9,Per Cent,2012 1Q,2.9,80,raw/tabledata_M182342_48b7788b41cef5e4.json,423145ac0300c87df69f4510f10a0e31016ff562f286c98ed04f97115ed7549c
M182342:2,2012-Q2,,2.8,Per Cent,2012 2Q,2.8,81,raw/tabledata_M182342_48b7788b41cef5e4.json,423145ac0300c87df69f4510f10a0e31016ff562f286c98ed04f97115ed7549c
M182342:2,2012-Q3,,2.8,Per Cent,2012 3Q,2.8,82,raw/tabledata_M182342_48b7788b41cef5e4.json,423145ac0300c87df69f4510f10a0e31016ff562f286c98ed04f97115ed7549c
M182342:2,2012-Q4,,2.7,Per Cent,2012 4Q,2.7,83,raw/tabledata_M182342_48b7788b41cef5e4.json,423145ac0300c87df69f4510f10a0e31016ff562f286c98ed04f97115ed7549c
M182342:2,2013-Q1,,2.8,Per Cent,2013 1Q,2.8,84,raw/tabledata_M182342_48b7788b41cef5e4.json,423145ac0300c87df69f4510f10a0e31016ff562f286c98ed04f97115ed7549c
M182342:2,2013-Q2,,2.9,Per Cent,2013 2Q,2.9,85,raw/tabledata_M182342_48b7788b41cef5e4.json,423145ac0300c87df69f4510f10a0e31016ff562f286c98ed04f97115ed7549c
M182342:2,2013-Q3,,2.6,Per Cent,2013 3Q,2.6,86,raw/tabledata_M182342_48b7788b41cef5e4.json,423145ac0300c87df69f4510f10a0e31016ff562f286c98ed04f97115ed7549c
M182342:2,2013-Q4,,2.7,Per Cent,2013 4Q,2.7,87,raw/tabledata_M182342_48b7788b41cef5e4.json,423145ac0300c87df69f4510f10a0e31016ff562f286c98ed04f97115ed7549c
M182342:2,2014-Q1,,2.9,Per Cent,2014 1Q,2.9,88,raw/tabledata_M182342_48b7788b41cef5e4.json,423145ac0300c87df69f4510f10a0e31016ff562f286c98ed04f97115ed7549c
M182342:2,2014-Q2,,2.8,Per Cent,2014 2Q,2.8,89,raw/tabledata_M182342_48b7788b41cef5e4.json,423145ac0300c87df69f4510f10a0e31016ff562f286c98ed04f97115ed7549c
M182342:2,2014-Q3,,2.7,Per Cent,2014 3Q,2.7,90,raw/tabledata_M182342_48b7788b41cef5e4.json,423145ac0300c87df69f4510f10a0e31016ff562f286c98ed04f97115ed7549c
M182342:2,2014-Q4,,2.7,Per Cent,2014 4Q,2.7,91,raw/tabledata_M182342_48b7788b41cef5e4.json,423145ac0300c87df69f4510f10a0e31016ff562f286c98ed04f97115ed7549c
M182342:2,2015-Q1,,2.5,Per Cent,2015 1Q,2.5,92,raw/tabledata_M182342_48b7788b41cef5e4.json,423145ac0300c87df69f4510f10a0e31016ff562f286c98ed04f97115ed7549c
M182342:2,2015-Q2,,2.8,Per Cent,2015 2Q,2.8,93,raw/tabledata_M182342_48b7788b41cef5e4.json,423145ac0300c87df69f4510f10a0e31016ff562f286c98ed04f97115ed7549c
M182342:2,2015-Q3,,2.9,Per Cent,2015 3Q,2.9,94,raw/tabledata_M182342_48b7788b41cef5e4.json,423145ac0300c87df69f4510f10a0e31016ff562f286c98ed04f97115ed7549c
M182342:2,2015-Q4,,2.8,Per Cent,2015 4Q,2.8,95,raw/tabledata_M182342_48b7788b41cef5e4.json,423145ac0300c87df69f4510f10a0e31016ff562f286c98ed04f97115ed7549c
M182342:2,2016-Q1,,2.7,Per Cent,2016 1Q,2.7,96,raw/tabledata_M182342_48b7788b41cef5e4.json,423145ac0300c87df69f4510f10a0e31016ff562f286c98ed04f97115ed7549c
M182342:2,2016-Q2,,3.0,Per Cent,2016 2Q,3,97,raw/tabledata_M182342_48b7788b41cef5e4.json,423145ac0300c87df69f4510f10a0e31016ff562f286c98ed04f97115ed7549c
M182342:2,2016-Q3,,2.9,Per Cent,2016 3Q,2.9,98,raw/tabledata_M182342_48b7788b41cef5e4.json,423145ac0300c87df69f4510f10a0e31016ff562f286c98ed04f97115ed7549c
M182342:2,2016-Q4,,3.2,Per Cent,2016 4Q,3.2,99,raw/tabledata_M182342_48b7788b41cef5e4.json,423145ac0300c87df69f4510f10a0e31016ff562f286c98ed04f97115ed7549c
M182342:2,2017-Q1,,3.3,Per Cent,2017 1Q,3.3,100,raw/tabledata_M182342_48b7788b41cef5e4.json,423145ac0300c87df69f4510f10a0e31016ff562f286c98ed04f97115ed7549c
M182342:2,2017-Q2,,3.1,Per Cent,2017 2Q,3.1,101,raw/tabledata_M182342_48b7788b41cef5e4.json,423145ac0300c87df69f4510f10a0e31016ff562f286c98ed04f97115ed7549c
M182342:2,2017-Q3,,3.1,Per Cent,2017 3Q,3.1,102,raw/tabledata_M182342_48b7788b41cef5e4.json,423145ac0300c87df69f4510f10a0e31016ff562f286c98ed04f97115ed7549c
M182342:2,2017-Q4,,2.9,Per Cent,2017 4Q,2.9,103,raw/tabledata_M182342_48b7788b41cef5e4.json,423145ac0300c87df69f4510f10a0e31016ff562f286c98ed04f97115ed7549c
M182342:2,2018-Q1,,2.9,Per Cent,2018 1Q,2.9,104,raw/tabledata_M182342_48b7788b41cef5e4.json,423145ac0300c87df69f4510f10a0e31016ff562f286c98ed04f97115ed7549c
M182342:2,2018-Q2,,2.9,Per Cent,2018 2Q,2.9,105,raw/tabledata_M182342_48b7788b41cef5e4.json,423145ac0300c87df69f4510f10a0e31016ff562f286c98ed04f97115ed7549c
M182342:2,2018-Q3,,2.8,Per Cent,2018 3Q,2.8,106,raw/tabledata_M182342_48b7788b41cef5e4.json,423145ac0300c87df69f4510f10a0e31016ff562f286c98ed04f97115ed7549c
M182342:2,2018-Q4,,3.0,Per Cent,2018 4Q,3,107,raw/tabledata_M182342_48b7788b41cef5e4.json,423145ac0300c87df69f4510f10a0e31016ff562f286c98ed04f97115ed7549c
M182342:2,2019-Q1,,3.1,Per Cent,2019 1Q,3.1,108,raw/tabledata_M182342_48b7788b41cef5e4.json,423145ac0300c87df69f4510f10a0e31016ff562f286c98ed04f97115ed7549c
M182342:2,2019-Q2,,3.2,Per Cent,2019 2Q,3.2,109,raw/tabledata_M182342_48b7788b41cef5e4.json,423145ac0300c87df69f4510f10a0e31016ff562f286c98ed04f97115ed7549c
M182342:2,2019-Q3,,3.1,Per Cent,2019 3Q,3.1,110,raw/tabledata_M182342_48b7788b41cef5e4.json,423145ac0300c87df69f4510f10a0e31016ff562f286c98ed04f97115ed7549c
M182342:2,2019-Q4,,3.2,Per Cent,2019 4Q,3.2,111,raw/tabledata_M182342_48b7788b41cef5e4.json,423145ac0300c87df69f4510f10a0e31016ff562f286c98ed04f97115ed7549c
M182342:2,2020-Q1,,3.4,Per Cent,2020 1Q,3.4,112,raw/tabledata_M182342_48b7788b41cef5e4.json,423145ac0300c87df69f4510f10a0e31016ff562f286c98ed04f97115ed7549c
M182342:2,2020-Q2,,4.1,Per Cent,2020 2Q,4.1,113,raw/tabledata_M182342_48b7788b41cef5e4.json,423145ac0300c87df69f4510f10a0e31016ff562f286c98ed04f97115ed7549c
M182342:2,2020-Q3,,4.6,Per Cent,2020 3Q,4.6,114,raw/tabledata_M182342_48b7788b41cef5e4.json,423145ac0300c87df69f4510f10a0e31016ff562f286c98ed04f97115ed7549c
M182342:2,2020-Q4,,4.3,Per Cent,2020 4Q,4.3,115,raw/tabledata_M182342_48b7788b41cef5e4.json,423145ac0300c87df69f4510f10a0e31016ff562f286c98ed04f97115ed7549c
M182342:2,2021-Q1,,3.9,Per Cent,2021 1Q,3.9,116,raw/tabledata_M182342_48b7788b41cef5e4.json,423145ac0300c87df69f4510f10a0e31016ff562f286c98ed04f97115ed7549c
M182342:2,2021-Q2,,3.6,Per Cent,2021 2Q,3.6,117,raw/tabledata_M182342_48b7788b41cef5e4.json,423145ac0300c87df69f4510f10a0e31016ff562f286c98ed04f97115ed7549c
M182342:2,2021-Q3,,3.4,Per Cent,2021 3Q,3.4,118,raw/tabledata_M182342_48b7788b41cef5e4.json,423145ac0300c87df69f4510f10a0e31016ff562f286c98ed04f97115ed7549c
M182342:2,2021-Q4,,3.1,Per Cent,2021 4Q,3.1,119,raw/tabledata_M182342_48b7788b41cef5e4.json,423145ac0300c87df69f4510f10a0e31016ff562f286c98ed04f97115ed7549c
M182342:2,2022-Q1,,3.0,Per Cent,2022 1Q,3,120,raw/tabledata_M182342_48b7788b41cef5e4.json,423145ac0300c87df69f4510f10a0e31016ff562f286c98ed04f97115ed7549c
M182342:2,2022-Q2,,2.8,Per Cent,2022 2Q,2.8,121,raw/tabledata_M182342_48b7788b41cef5e4.json,423145ac0300c87df69f4510f10a0e31016ff562f286c98ed04f97115ed7549c
M182342:2,2022-Q3,,2.9,Per Cent,2022 3Q,2.9,122,raw/tabledata_M182342_48b7788b41cef5e4.json,423145ac0300c87df69f4510f10a0e31016ff562f286c98ed04f97115ed7549c
M182342:2,2022-Q4,,2.8,Per Cent,2022 4Q,2.8,123,raw/tabledata_M182342_48b7788b41cef5e4.json,423145ac0300c87df69f4510f10a0e31016ff562f286c98ed04f97115ed7549c
M182342:2,2023-Q1,,2.5,Per Cent,2023 1Q,2.5,124,raw/tabledata_M182342_48b7788b41cef5e4.json,423145ac0300c87df69f4510f10a0e31016ff562f286c98ed04f97115ed7549c
M182342:2,2023-Q2,,2.8,Per Cent,2023 2Q,2.8,125,raw/tabledata_M182342_48b7788b41cef5e4.json,423145ac0300c87df69f4510f10a0e31016ff562f286c98ed04f97115ed7549c
M182342:2,2023-Q3,,2.9,Per Cent,2023 3Q,2.9,126,raw/tabledata_M182342_48b7788b41cef5e4.json,423145ac0300c87df69f4510f10a0e31016ff562f286c98ed04f97115ed7549c
M182342:2,2023-Q4,,2.8,Per Cent,2023 4Q,2.8,127,raw/tabledata_M182342_48b7788b41cef5e4.json,423145ac0300c87df69f4510f10a0e31016ff562f286c98ed04f97115ed7549c
M182342:2,2024-Q1,,2.8,Per Cent,2024 1Q,2.8,128,raw/tabledata_M182342_48b7788b41cef5e4.json,423145ac0300c87df69f4510f10a0e31016ff562f286c98ed04f97115ed7549c
M182342:2,2024-Q2,,2.7,Per Cent,2024 2Q,2.7,129,raw/tabledata_M182342_48b7788b41cef5e4.json,423145ac0300c87df69f4510f10a0e31016ff562f286c98ed04f97115ed7549c
M182342:2,2024-Q3,,2.6,Per Cent,2024 3Q,2.6,130,raw/tabledata_M182342_48b7788b41cef5e4.json,423145ac0300c87df69f4510f10a0e31016ff562f286c98ed04f97115ed7549c
M182342:2,2024-Q4,,2.8,Per Cent,2024 4Q,2.8,131,raw/tabledata_M182342_48b7788b41cef5e4.json,423145ac0300c87df69f4510f10a0e31016ff562f286c98ed04f97115ed7549c
M182342:2,2025-Q1,,2.8,Per Cent,2025 1Q,2.8,132,raw/tabledata_M182342_48b7788b41cef5e4.json,423145ac0300c87df69f4510f10a0e31016ff562f286c98ed04f97115ed7549c
M182342:2,2025-Q2,,2.7,Per Cent,2025 2Q,2.7,133,raw/tabledata_M182342_48b7788b41cef5e4.json,423145ac0300c87df69f4510f10a0e31016ff562f286c98ed04f97115ed7549c
M182342:2,2025-Q3,,2.9,Per Cent,2025 3Q,2.9,134,raw/tabledata_M182342_48b7788b41cef5e4.json,423145ac0300c87df69f4510f10a0e31016ff562f286c98ed04f97115ed7549c
M182342:2,2025-Q4,,2.9,Per Cent,2025 4Q,2.9,135,raw/tabledata_M182342_48b7788b41cef5e4.json,423145ac0300c87df69f4510f10a0e31016ff562f286c98ed04f97115ed7549c
M182342:2,2026-Q1,,2.9,Per Cent,2026 1Q,2.9,136,raw/tabledata_M182342_48b7788b41cef5e4.json,423145ac0300c87df69f4510f10a0e31016ff562f286c98ed04f97115ed7549c
M182342:2,2026-Q2,,2.9,Per Cent,2026 2Q,2.9,137,raw/tabledata_M182342_48b7788b41cef5e4.json,423145ac0300c87df69f4510f10a0e31016ff562f286c98ed04f97115ed7549c
M184101:1,2021-Q2,,5328.0,Dollars,2021 2Q,5328,0,raw/tabledata_M184101_fb465df65995a904.json,ead79d78fa412c408f4f248d400b664aa6a60ba4ecc144717244c761e9648651
M184101:1,2021-Q3,,5495.0,Dollars,2021 3Q,5495,1,raw/tabledata_M184101_fb465df65995a904.json,ead79d78fa412c408f4f248d400b664aa6a60ba4ecc144717244c761e9648651
M184101:1,2021-Q4,,5558.0,Dollars,2021 4Q,5558,2,raw/tabledata_M184101_fb465df65995a904.json,ead79d78fa412c408f4f248d400b664aa6a60ba4ecc144717244c761e9648651
M184101:1,2022-Q1,,5602.0,Dollars,2022 1Q,5602,3,raw/tabledata_M184101_fb465df65995a904.json,ead79d78fa412c408f4f248d400b664aa6a60ba4ecc144717244c761e9648651
M184101:1,2022-Q2,,5752.0,Dollars,2022 2Q,5752,4,raw/tabledata_M184101_fb465df65995a904.json,ead79d78fa412c408f4f248d400b664aa6a60ba4ecc144717244c761e9648651
M184101:1,2022-Q3,,5779.0,Dollars,2022 3Q,5779,5,raw/tabledata_M184101_fb465df65995a904.json,ead79d78fa412c408f4f248d400b664aa6a60ba4ecc144717244c761e9648651
M184101:1,2022-Q4,,5759.0,Dollars,2022 4Q,5759,6,raw/tabledata_M184101_fb465df65995a904.json,ead79d78fa412c408f4f248d400b664aa6a60ba4ecc144717244c761e9648651
M184101:1,2023-Q1,,5680.0,Dollars,2023 1Q,5680,7,raw/tabledata_M184101_fb465df65995a904.json,ead79d78fa412c408f4f248d400b664aa6a60ba4ecc144717244c761e9648651
M184101:1,2023-Q2,,5750.0,Dollars,2023 2Q,5750,8,raw/tabledata_M184101_fb465df65995a904.json,ead79d78fa412c408f4f248d400b664aa6a60ba4ecc144717244c761e9648651
M184101:1,2023-Q3,,5863.0,Dollars,2023 3Q,5863,9,raw/tabledata_M184101_fb465df65995a904.json,ead79d78fa412c408f4f248d400b664aa6a60ba4ecc144717244c761e9648651
M184101:1,2023-Q4,,6027.0,Dollars,2023 4Q,6027,10,raw/tabledata_M184101_fb465df65995a904.json,ead79d78fa412c408f4f248d400b664aa6a60ba4ecc144717244c761e9648651
M184101:1,2024-Q1,,6090.0,Dollars,2024 1Q,6090,11,raw/tabledata_M184101_fb465df65995a904.json,ead79d78fa412c408f4f248d400b664aa6a60ba4ecc144717244c761e9648651
M184101:1,2024-Q2,,6107.0,Dollars,2024 2Q,6107,12,raw/tabledata_M184101_fb465df65995a904.json,ead79d78fa412c408f4f248d400b664aa6a60ba4ecc144717244c761e9648651
M184101:1,2024-Q3,,6138.0,Dollars,2024 3Q,6138,13,raw/tabledata_M184101_fb465df65995a904.json,ead79d78fa412c408f4f248d400b664aa6a60ba4ecc144717244c761e9648651
M184101:1,2024-Q4,,6113.0,Dollars,2024 4Q,6113,14,raw/tabledata_M184101_fb465df65995a904.json,ead79d78fa412c408f4f248d400b664aa6a60ba4ecc144717244c761e9648651
M184101:1,2025-Q1,,6282.0,Dollars,2025 1Q,6282,15,raw/tabledata_M184101_fb465df65995a904.json,ead79d78fa412c408f4f248d400b664aa6a60ba4ecc144717244c761e9648651
M184101:1,2025-Q2,,6390.0,Dollars,2025 2Q,6390,16,raw/tabledata_M184101_fb465df65995a904.json,ead79d78fa412c408f4f248d400b664aa6a60ba4ecc144717244c761e9648651
M184101:1,2025-Q3,,6429.0,Dollars,2025 3Q,6429,17,raw/tabledata_M184101_fb465df65995a904.json,ead79d78fa412c408f4f248d400b664aa6a60ba4ecc144717244c761e9648651
M184101:1,2025-Q4,,6442.0,Dollars,2025 4Q,6442,18,raw/tabledata_M184101_fb465df65995a904.json,ead79d78fa412c408f4f248d400b664aa6a60ba4ecc144717244c761e9648651
M184101:1,2026-Q1,,6593.0,Dollars,2026 1Q,6593,19,raw/tabledata_M184101_fb465df65995a904.json,ead79d78fa412c408f4f248d400b664aa6a60ba4ecc144717244c761e9648651
M184101:1,2026-Q2,,6605.0,Dollars,2026 2Q,6605,20,raw/tabledata_M184101_fb465df65995a904.json,ead79d78fa412c408f4f248d400b664aa6a60ba4ecc144717244c761e9648651
M016081:1,1980-Q1,,3635.0,Million Dollars,1980 1Q,3635,0,raw/tabledata_M016081_3de81f4c4307fd66.json,448cba08c23cc66edf328c25323733a2be3707585da3e5ed6e09a130560d3f4c
M016081:1,1980-Q2,,3432.6,Million Dollars,1980 2Q,3432.6,1,raw/tabledata_M016081_3de81f4c4307fd66.json,448cba08c23cc66edf328c25323733a2be3707585da3e5ed6e09a130560d3f4c
M016081:1,1980-Q3,,3659.8,Million Dollars,1980 3Q,3659.8,2,raw/tabledata_M016081_3de81f4c4307fd66.json,448cba08c23cc66edf328c25323733a2be3707585da3e5ed6e09a130560d3f4c
M016081:1,1980-Q4,,4269.0,Million Dollars,1980 4Q,4269,3,raw/tabledata_M016081_3de81f4c4307fd66.json,448cba08c23cc66edf328c25323733a2be3707585da3e5ed6e09a130560d3f4c
M016081:1,1981-Q1,,4229.6,Million Dollars,1981 1Q,4229.6,4,raw/tabledata_M016081_3de81f4c4307fd66.json,448cba08c23cc66edf328c25323733a2be3707585da3e5ed6e09a130560d3f4c
M016081:1,1981-Q2,,3953.7,Million Dollars,1981 2Q,3953.7,5,raw/tabledata_M016081_3de81f4c4307fd66.json,448cba08c23cc66edf328c25323733a2be3707585da3e5ed6e09a130560d3f4c
M016081:1,1981-Q3,,4267.9,Million Dollars,1981 3Q,4267.9,6,raw/tabledata_M016081_3de81f4c4307fd66.json,448cba08c23cc66edf328c25323733a2be3707585da3e5ed6e09a130560d3f4c
M016081:1,1981-Q4,,5055.0,Million Dollars,1981 4Q,5055,7,raw/tabledata_M016081_3de81f4c4307fd66.json,448cba08c23cc66edf328c25323733a2be3707585da3e5ed6e09a130560d3f4c
M016081:1,1982-Q1,,4858.6,Million Dollars,1982 1Q,4858.6,8,raw/tabledata_M016081_3de81f4c4307fd66.json,448cba08c23cc66edf328c25323733a2be3707585da3e5ed6e09a130560d3f4c
M016081:1,1982-Q2,,4642.9,Million Dollars,1982 2Q,4642.9,9,raw/tabledata_M016081_3de81f4c4307fd66.json,448cba08c23cc66edf328c25323733a2be3707585da3e5ed6e09a130560d3f4c
M016081:1,1982-Q3,,4939.5,Million Dollars,1982 3Q,4939.5,10,raw/tabledata_M016081_3de81f4c4307fd66.json,448cba08c23cc66edf328c25323733a2be3707585da3e5ed6e09a130560d3f4c
M016081:1,1982-Q4,,5941.9,Million Dollars,1982 4Q,5941.9,11,raw/tabledata_M016081_3de81f4c4307fd66.json,448cba08c23cc66edf328c25323733a2be3707585da3e5ed6e09a130560d3f4c
M016081:1,1983-Q1,,5772.1,Million Dollars,1983 1Q,5772.1,12,raw/tabledata_M016081_3de81f4c4307fd66.json,448cba08c23cc66edf328c25323733a2be3707585da3e5ed6e09a130560d3f4c
M016081:1,1983-Q2,,5318.4,Million Dollars,1983 2Q,5318.4,13,raw/tabledata_M016081_3de81f4c4307fd66.json,448cba08c23cc66edf328c25323733a2be3707585da3e5ed6e09a130560d3f4c
M016081:1,1983-Q3,,5677.5,Million Dollars,1983 3Q,5677.5,14,raw/tabledata_M016081_3de81f4c4307fd66.json,448cba08c23cc66edf328c25323733a2be3707585da3e5ed6e09a130560d3f4c
M016081:1,1983-Q4,,6349.8,Million Dollars,1983 4Q,6349.8,15,raw/tabledata_M016081_3de81f4c4307fd66.json,448cba08c23cc66edf328c25323733a2be3707585da3e5ed6e09a130560d3f4c
M016081:1,1984-Q1,,6256.2,Million Dollars,1984 1Q,6256.2,16,raw/tabledata_M016081_3de81f4c4307fd66.json,448cba08c23cc66edf328c25323733a2be3707585da3e5ed6e09a130560d3f4c
M016081:1,1984-Q2,,5868.2,Million Dollars,1984 2Q,5868.2,17,raw/tabledata_M016081_3de81f4c4307fd66.json,448cba08c23cc66edf328c25323733a2be3707585da3e5ed6e09a130560d3f4c
M016081:1,1984-Q3,,6342.0,Million Dollars,1984 3Q,6342,18,raw/tabledata_M016081_3de81f4c4307fd66.json,448cba08c23cc66edf328c25323733a2be3707585da3e5ed6e09a130560d3f4c
M016081:1,1984-Q4,,7071.2,Million Dollars,1984 4Q,7071.2,19,raw/tabledata_M016081_3de81f4c4307fd66.json,448cba08c23cc66edf328c25323733a2be3707585da3e5ed6e09a130560d3f4c
M016081:1,1985-Q1,,6377.6,Million Dollars,1985 1Q,6377.6,20,raw/tabledata_M016081_3de81f4c4307fd66.json,448cba08c23cc66edf328c25323733a2be3707585da3e5ed6e09a130560d3f4c
M016081:1,1985-Q2,,5919.3,Million Dollars,1985 2Q,5919.3,21,raw/tabledata_M016081_3de81f4c4307fd66.json,448cba08c23cc66edf328c25323733a2be3707585da3e5ed6e09a130560d3f4c
M016081:1,1985-Q3,,6160.3,Million Dollars,1985 3Q,6160.3,22,raw/tabledata_M016081_3de81f4c4307fd66.json,448cba08c23cc66edf328c25323733a2be3707585da3e5ed6e09a130560d3f4c
M016081:1,1985-Q4,,6891.7,Million Dollars,1985 4Q,6891.7,23,raw/tabledata_M016081_3de81f4c4307fd66.json,448cba08c23cc66edf328c25323733a2be3707585da3e5ed6e09a130560d3f4c
M016081:1,1986-Q1,,6283.8,Million Dollars,1986 1Q,6283.8,24,raw/tabledata_M016081_3de81f4c4307fd66.json,448cba08c23cc66edf328c25323733a2be3707585da3e5ed6e09a130560d3f4c
M016081:1,1986-Q2,,5474.6,Million Dollars,1986 2Q,5474.6,25,raw/tabledata_M016081_3de81f4c4307fd66.json,448cba08c23cc66edf328c25323733a2be3707585da3e5ed6e09a130560d3f4c
M016081:1,1986-Q3,,5693.9,Million Dollars,1986 3Q,5693.9,26,raw/tabledata_M016081_3de81f4c4307fd66.json,448cba08c23cc66edf328c25323733a2be3707585da3e5ed6e09a130560d3f4c
M016081:1,1986-Q4,,6629.8,Million Dollars,1986 4Q,6629.8,27,raw/tabledata_M016081_3de81f4c4307fd66.json,448cba08c23cc66edf328c25323733a2be3707585da3e5ed6e09a130560d3f4c
M016081:1,1987-Q1,,6072.3,Million Dollars,1987 1Q,6072.3,28,raw/tabledata_M016081_3de81f4c4307fd66.json,448cba08c23cc66edf328c25323733a2be3707585da3e5ed6e09a130560d3f4c
M016081:1,1987-Q2,,5885.3,Million Dollars,1987 2Q,5885.3,29,raw/tabledata_M016081_3de81f4c4307fd66.json,448cba08c23cc66edf328c25323733a2be3707585da3e5ed6e09a130560d3f4c
M016081:1,1987-Q3,,5894.9,Million Dollars,1987 3Q,5894.9,30,raw/tabledata_M016081_3de81f4c4307fd66.json,448cba08c23cc66edf328c25323733a2be3707585da3e5ed6e09a130560d3f4c
M016081:1,1987-Q4,,6993.7,Million Dollars,1987 4Q,6993.7,31,raw/tabledata_M016081_3de81f4c4307fd66.json,448cba08c23cc66edf328c25323733a2be3707585da3e5ed6e09a130560d3f4c
M016081:1,1988-Q1,,6667.4,Million Dollars,1988 1Q,6667.4,32,raw/tabledata_M016081_3de81f4c4307fd66.json,448cba08c23cc66edf328c25323733a2be3707585da3e5ed6e09a130560d3f4c
M016081:1,1988-Q2,,6273.0,Million Dollars,1988 2Q,6273,33,raw/tabledata_M016081_3de81f4c4307fd66.json,448cba08c23cc66edf328c25323733a2be3707585da3e5ed6e09a130560d3f4c
M016081:1,1988-Q3,,6589.3,Million Dollars,1988 3Q,6589.3,34,raw/tabledata_M016081_3de81f4c4307fd66.json,448cba08c23cc66edf328c25323733a2be3707585da3e5ed6e09a130560d3f4c
M016081:1,1988-Q4,,8450.1,Million Dollars,1988 4Q,8450.1,35,raw/tabledata_M016081_3de81f4c4307fd66.json,448cba08c23cc66edf328c25323733a2be3707585da3e5ed6e09a130560d3f4c
M016081:1,1989-Q1,,7574.8,Million Dollars,1989 1Q,7574.8,36,raw/tabledata_M016081_3de81f4c4307fd66.json,448cba08c23cc66edf328c25323733a2be3707585da3e5ed6e09a130560d3f4c
M016081:1,1989-Q2,,7428.4,Million Dollars,1989 2Q,7428.4,37,raw/tabledata_M016081_3de81f4c4307fd66.json,448cba08c23cc66edf328c25323733a2be3707585da3e5ed6e09a130560d3f4c
M016081:1,1989-Q3,,8042.9,Million Dollars,1989 3Q,8042.9,38,raw/tabledata_M016081_3de81f4c4307fd66.json,448cba08c23cc66edf328c25323733a2be3707585da3e5ed6e09a130560d3f4c
M016081:1,1989-Q4,,9858.0,Million Dollars,1989 4Q,9858,39,raw/tabledata_M016081_3de81f4c4307fd66.json,448cba08c23cc66edf328c25323733a2be3707585da3e5ed6e09a130560d3f4c
M016081:1,1990-Q1,,9046.7,Million Dollars,1990 1Q,9046.7,40,raw/tabledata_M016081_3de81f4c4307fd66.json,448cba08c23cc66edf328c25323733a2be3707585da3e5ed6e09a130560d3f4c
M016081:1,1990-Q2,,8812.5,Million Dollars,1990 2Q,8812.5,41,raw/tabledata_M016081_3de81f4c4307fd66.json,448cba08c23cc66edf328c25323733a2be3707585da3e5ed6e09a130560d3f4c
M016081:1,1990-Q3,,9521.4,Million Dollars,1990 3Q,9521.4,42,raw/tabledata_M016081_3de81f4c4307fd66.json,448cba08c23cc66edf328c25323733a2be3707585da3e5ed6e09a130560d3f4c
M016081:1,1990-Q4,,11216.4,Million Dollars,1990 4Q,11216.4,43,raw/tabledata_M016081_3de81f4c4307fd66.json,448cba08c23cc66edf328c25323733a2be3707585da3e5ed6e09a130560d3f4c
M016081:1,1991-Q1,,10497.8,Million Dollars,1991 1Q,10497.8,44,raw/tabledata_M016081_3de81f4c4307fd66.json,448cba08c23cc66edf328c25323733a2be3707585da3e5ed6e09a130560d3f4c
M016081:1,1991-Q2,,10067.8,Million Dollars,1991 2Q,10067.8,45,raw/tabledata_M016081_3de81f4c4307fd66.json,448cba08c23cc66edf328c25323733a2be3707585da3e5ed6e09a130560d3f4c
M016081:1,1991-Q3,,10521.4,Million Dollars,1991 3Q,10521.4,46,raw/tabledata_M016081_3de81f4c4307fd66.json,448cba08c23cc66edf328c25323733a2be3707585da3e5ed6e09a130560d3f4c
M016081:1,1991-Q4,,12412.4,Million Dollars,1991 4Q,12412.4,47,raw/tabledata_M016081_3de81f4c4307fd66.json,448cba08c23cc66edf328c25323733a2be3707585da3e5ed6e09a130560d3f4c
M016081:1,1992-Q1,,11200.1,Million Dollars,1992 1Q,11200.1,48,raw/tabledata_M016081_3de81f4c4307fd66.json,448cba08c23cc66edf328c25323733a2be3707585da3e5ed6e09a130560d3f4c
M016081:1,1992-Q2,,10509.8,Million Dollars,1992 2Q,10509.8,49,raw/tabledata_M016081_3de81f4c4307fd66.json,448cba08c23cc66edf328c25323733a2be3707585da3e5ed6e09a130560d3f4c
M016081:1,1992-Q3,,10961.8,Million Dollars,1992 3Q,10961.8,50,raw/tabledata_M016081_3de81f4c4307fd66.json,448cba08c23cc66edf328c25323733a2be3707585da3e5ed6e09a130560d3f4c
M016081:1,1992-Q4,,13000.9,Million Dollars,1992 4Q,13000.9,51,raw/tabledata_M016081_3de81f4c4307fd66.json,448cba08c23cc66edf328c25323733a2be3707585da3e5ed6e09a130560d3f4c
M016081:1,1993-Q1,,11924.9,Million Dollars,1993 1Q,11924.9,52,raw/tabledata_M016081_3de81f4c4307fd66.json,448cba08c23cc66edf328c25323733a2be3707585da3e5ed6e09a130560d3f4c
M016081:1,1993-Q2,,11530.1,Million Dollars,1993 2Q,11530.1,53,raw/tabledata_M016081_3de81f4c4307fd66.json,448cba08c23cc66edf328c25323733a2be3707585da3e5ed6e09a130560d3f4c
M016081:1,1993-Q3,,12096.3,Million Dollars,1993 3Q,12096.3,54,raw/tabledata_M016081_3de81f4c4307fd66.json,448cba08c23cc66edf328c25323733a2be3707585da3e5ed6e09a130560d3f4c
M016081:1,1993-Q4,,14562.0,Million Dollars,1993 4Q,14562,55,raw/tabledata_M016081_3de81f4c4307fd66.json,448cba08c23cc66edf328c25323733a2be3707585da3e5ed6e09a130560d3f4c
M016081:1,1994-Q1,,13616.5,Million Dollars,1994 1Q,13616.5,56,raw/tabledata_M016081_3de81f4c4307fd66.json,448cba08c23cc66edf328c25323733a2be3707585da3e5ed6e09a130560d3f4c
M016081:1,1994-Q2,,13040.5,Million Dollars,1994 2Q,13040.5,57,raw/tabledata_M016081_3de81f4c4307fd66.json,448cba08c23cc66edf328c25323733a2be3707585da3e5ed6e09a130560d3f4c
M016081:1,1994-Q3,,13830.3,Million Dollars,1994 3Q,13830.3,58,raw/tabledata_M016081_3de81f4c4307fd66.json,448cba08c23cc66edf328c25323733a2be3707585da3e5ed6e09a130560d3f4c
M016081:1,1994-Q4,,16578.6,Million Dollars,1994 4Q,16578.6,59,raw/tabledata_M016081_3de81f4c4307fd66.json,448cba08c23cc66edf328c25323733a2be3707585da3e5ed6e09a130560d3f4c
M016081:1,1995-Q1,,15357.2,Million Dollars,1995 1Q,15357.2,60,raw/tabledata_M016081_3de81f4c4307fd66.json,448cba08c23cc66edf328c25323733a2be3707585da3e5ed6e09a130560d3f4c
M016081:1,1995-Q2,,14764.2,Million Dollars,1995 2Q,14764.2,61,raw/tabledata_M016081_3de81f4c4307fd66.json,448cba08c23cc66edf328c25323733a2be3707585da3e5ed6e09a130560d3f4c
M016081:1,1995-Q3,,15582.8,Million Dollars,1995 3Q,15582.8,62,raw/tabledata_M016081_3de81f4c4307fd66.json,448cba08c23cc66edf328c25323733a2be3707585da3e5ed6e09a130560d3f4c
M016081:1,1995-Q4,,18378.1,Million Dollars,1995 4Q,18378.1,63,raw/tabledata_M016081_3de81f4c4307fd66.json,448cba08c23cc66edf328c25323733a2be3707585da3e5ed6e09a130560d3f4c
M016081:1,1996-Q1,,17045.6,Million Dollars,1996 1Q,17045.6,64,raw/tabledata_M016081_3de81f4c4307fd66.json,448cba08c23cc66edf328c25323733a2be3707585da3e5ed6e09a130560d3f4c
M016081:1,1996-Q2,,16258.3,Million Dollars,1996 2Q,16258.3,65,raw/tabledata_M016081_3de81f4c4307fd66.json,448cba08c23cc66edf328c25323733a2be3707585da3e5ed6e09a130560d3f4c
M016081:1,1996-Q3,,16880.7,Million Dollars,1996 3Q,16880.7,66,raw/tabledata_M016081_3de81f4c4307fd66.json,448cba08c23cc66edf328c25323733a2be3707585da3e5ed6e09a130560d3f4c
M016081:1,1996-Q4,,19716.3,Million Dollars,1996 4Q,19716.3,67,raw/tabledata_M016081_3de81f4c4307fd66.json,448cba08c23cc66edf328c25323733a2be3707585da3e5ed6e09a130560d3f4c
M016081:1,1997-Q1,,18391.4,Million Dollars,1997 1Q,18391.4,68,raw/tabledata_M016081_3de81f4c4307fd66.json,448cba08c23cc66edf328c25323733a2be3707585da3e5ed6e09a130560d3f4c
M016081:1,1997-Q2,,17696.1,Million Dollars,1997 2Q,17696.1,69,raw/tabledata_M016081_3de81f4c4307fd66.json,448cba08c23cc66edf328c25323733a2be3707585da3e5ed6e09a130560d3f4c
M016081:1,1997-Q3,,18490.9,Million Dollars,1997 3Q,18490.9,70,raw/tabledata_M016081_3de81f4c4307fd66.json,448cba08c23cc66edf328c25323733a2be3707585da3e5ed6e09a130560d3f4c
M016081:1,1997-Q4,,21520.2,Million Dollars,1997 4Q,21520.2,71,raw/tabledata_M016081_3de81f4c4307fd66.json,448cba08c23cc66edf328c25323733a2be3707585da3e5ed6e09a130560d3f4c
M016081:1,1998-Q1,,19894.8,Million Dollars,1998 1Q,19894.8,72,raw/tabledata_M016081_3de81f4c4307fd66.json,448cba08c23cc66edf328c25323733a2be3707585da3e5ed6e09a130560d3f4c
M016081:1,1998-Q2,,18591.5,Million Dollars,1998 2Q,18591.5,73,raw/tabledata_M016081_3de81f4c4307fd66.json,448cba08c23cc66edf328c25323733a2be3707585da3e5ed6e09a130560d3f4c
M016081:1,1998-Q3,,18648.5,Million Dollars,1998 3Q,18648.5,74,raw/tabledata_M016081_3de81f4c4307fd66.json,448cba08c23cc66edf328c25323733a2be3707585da3e5ed6e09a130560d3f4c
M016081:1,1998-Q4,,20618.9,Million Dollars,1998 4Q,20618.9,75,raw/tabledata_M016081_3de81f4c4307fd66.json,448cba08c23cc66edf328c25323733a2be3707585da3e5ed6e09a130560d3f4c
M016081:1,1999-Q1,,18611.8,Million Dollars,1999 1Q,18611.8,76,raw/tabledata_M016081_3de81f4c4307fd66.json,448cba08c23cc66edf328c25323733a2be3707585da3e5ed6e09a130560d3f4c
M016081:1,1999-Q2,,17604.8,Million Dollars,1999 2Q,17604.8,77,raw/tabledata_M016081_3de81f4c4307fd66.json,448cba08c23cc66edf328c25323733a2be3707585da3e5ed6e09a130560d3f4c
M016081:1,1999-Q3,,18125.0,Million Dollars,1999 3Q,18125,78,raw/tabledata_M016081_3de81f4c4307fd66.json,448cba08c23cc66edf328c25323733a2be3707585da3e5ed6e09a130560d3f4c
M016081:1,1999-Q4,,21362.5,Million Dollars,1999 4Q,21362.5,79,raw/tabledata_M016081_3de81f4c4307fd66.json,448cba08c23cc66edf328c25323733a2be3707585da3e5ed6e09a130560d3f4c
M016081:1,2000-Q1,,20868.9,Million Dollars,2000 1Q,20868.9,80,raw/tabledata_M016081_3de81f4c4307fd66.json,448cba08c23cc66edf328c25323733a2be3707585da3e5ed6e09a130560d3f4c
M016081:1,2000-Q2,,19233.4,Million Dollars,2000 2Q,19233.4,81,raw/tabledata_M016081_3de81f4c4307fd66.json,448cba08c23cc66edf328c25323733a2be3707585da3e5ed6e09a130560d3f4c
M016081:1,2000-Q3,,20395.2,Million Dollars,2000 3Q,20395.2,82,raw/tabledata_M016081_3de81f4c4307fd66.json,448cba08c23cc66edf328c25323733a2be3707585da3e5ed6e09a130560d3f4c
M016081:1,2000-Q4,,24085.0,Million Dollars,2000 4Q,24085,83,raw/tabledata_M016081_3de81f4c4307fd66.json,448cba08c23cc66edf328c25323733a2be3707585da3e5ed6e09a130560d3f4c
M016081:1,2001-Q1,,23152.1,Million Dollars,2001 1Q,23152.1,84,raw/tabledata_M016081_3de81f4c4307fd66.json,448cba08c23cc66edf328c25323733a2be3707585da3e5ed6e09a130560d3f4c
M016081:1,2001-Q2,,20143.0,Million Dollars,2001 2Q,20143,85,raw/tabledata_M016081_3de81f4c4307fd66.json,448cba08c23cc66edf328c25323733a2be3707585da3e5ed6e09a130560d3f4c
M016081:1,2001-Q3,,20924.2,Million Dollars,2001 3Q,20924.2,86,raw/tabledata_M016081_3de81f4c4307fd66.json,448cba08c23cc66edf328c25323733a2be3707585da3e5ed6e09a130560d3f4c
M016081:1,2001-Q4,,23586.4,Million Dollars,2001 4Q,23586.4,87,raw/tabledata_M016081_3de81f4c4307fd66.json,448cba08c23cc66edf328c25323733a2be3707585da3e5ed6e09a130560d3f4c
M016081:1,2002-Q1,,22039.5,Million Dollars,2002 1Q,22039.5,88,raw/tabledata_M016081_3de81f4c4307fd66.json,448cba08c23cc66edf328c25323733a2be3707585da3e5ed6e09a130560d3f4c
M016081:1,2002-Q2,,20469.0,Million Dollars,2002 2Q,20469,89,raw/tabledata_M016081_3de81f4c4307fd66.json,448cba08c23cc66edf328c25323733a2be3707585da3e5ed6e09a130560d3f4c
M016081:1,2002-Q3,,21446.2,Million Dollars,2002 3Q,21446.2,90,raw/tabledata_M016081_3de81f4c4307fd66.json,448cba08c23cc66edf328c25323733a2be3707585da3e5ed6e09a130560d3f4c
M016081:1,2002-Q4,,23879.2,Million Dollars,2002 4Q,23879.2,91,raw/tabledata_M016081_3de81f4c4307fd66.json,448cba08c23cc66edf328c25323733a2be3707585da3e5ed6e09a130560d3f4c
M016081:1,2003-Q1,,22706.7,Million Dollars,2003 1Q,22706.7,92,raw/tabledata_M016081_3de81f4c4307fd66.json,448cba08c23cc66edf328c25323733a2be3707585da3e5ed6e09a130560d3f4c
M016081:1,2003-Q2,,20725.4,Million Dollars,2003 2Q,20725.4,93,raw/tabledata_M016081_3de81f4c4307fd66.json,448cba08c23cc66edf328c25323733a2be3707585da3e5ed6e09a130560d3f4c
M016081:1,2003-Q3,,21226.6,Million Dollars,2003 3Q,21226.6,94,raw/tabledata_M016081_3de81f4c4307fd66.json,448cba08c23cc66edf328c25323733a2be3707585da3e5ed6e09a130560d3f4c
M016081:1,2003-Q4,,23593.5,Million Dollars,2003 4Q,23593.5,95,raw/tabledata_M016081_3de81f4c4307fd66.json,448cba08c23cc66edf328c25323733a2be3707585da3e5ed6e09a130560d3f4c
M016081:1,2004-Q1,,23658.3,Million Dollars,2004 1Q,23658.3,96,raw/tabledata_M016081_3de81f4c4307fd66.json,448cba08c23cc66edf328c25323733a2be3707585da3e5ed6e09a130560d3f4c
M016081:1,2004-Q2,,21865.0,Million Dollars,2004 2Q,21865,97,raw/tabledata_M016081_3de81f4c4307fd66.json,448cba08c23cc66edf328c25323733a2be3707585da3e5ed6e09a130560d3f4c
M016081:1,2004-Q3,,22782.4,Million Dollars,2004 3Q,22782.4,98,raw/tabledata_M016081_3de81f4c4307fd66.json,448cba08c23cc66edf328c25323733a2be3707585da3e5ed6e09a130560d3f4c
M016081:1,2004-Q4,,26642.1,Million Dollars,2004 4Q,26642.1,99,raw/tabledata_M016081_3de81f4c4307fd66.json,448cba08c23cc66edf328c25323733a2be3707585da3e5ed6e09a130560d3f4c
M016081:1,2005-Q1,,26447.8,Million Dollars,2005 1Q,26447.8,100,raw/tabledata_M016081_3de81f4c4307fd66.json,448cba08c23cc66edf328c25323733a2be3707585da3e5ed6e09a130560d3f4c
M016081:1,2005-Q2,,24118.2,Million Dollars,2005 2Q,24118.2,101,raw/tabledata_M016081_3de81f4c4307fd66.json,448cba08c23cc66edf328c25323733a2be3707585da3e5ed6e09a130560d3f4c
M016081:1,2005-Q3,,25266.2,Million Dollars,2005 3Q,25266.2,102,raw/tabledata_M016081_3de81f4c4307fd66.json,448cba08c23cc66edf328c25323733a2be3707585da3e5ed6e09a130560d3f4c
M016081:1,2005-Q4,,28914.6,Million Dollars,2005 4Q,28914.6,103,raw/tabledata_M016081_3de81f4c4307fd66.json,448cba08c23cc66edf328c25323733a2be3707585da3e5ed6e09a130560d3f4c
M016081:1,2006-Q1,,28886.7,Million Dollars,2006 1Q,28886.7,104,raw/tabledata_M016081_3de81f4c4307fd66.json,448cba08c23cc66edf328c25323733a2be3707585da3e5ed6e09a130560d3f4c
M016081:1,2006-Q2,,28501.3,Million Dollars,2006 2Q,28501.3,105,raw/tabledata_M016081_3de81f4c4307fd66.json,448cba08c23cc66edf328c25323733a2be3707585da3e5ed6e09a130560d3f4c
M016081:1,2006-Q3,,27422.7,Million Dollars,2006 3Q,27422.7,106,raw/tabledata_M016081_3de81f4c4307fd66.json,448cba08c23cc66edf328c25323733a2be3707585da3e5ed6e09a130560d3f4c
M016081:1,2006-Q4,,31654.1,Million Dollars,2006 4Q,31654.1,107,raw/tabledata_M016081_3de81f4c4307fd66.json,448cba08c23cc66edf328c25323733a2be3707585da3e5ed6e09a130560d3f4c
M016081:1,2007-Q1,,31759.5,Million Dollars,2007 1Q,31759.5,108,raw/tabledata_M016081_3de81f4c4307fd66.json,448cba08c23cc66edf328c25323733a2be3707585da3e5ed6e09a130560d3f4c
M016081:1,2007-Q2,,30460.5,Million Dollars,2007 2Q,30460.5,109,raw/tabledata_M016081_3de81f4c4307fd66.json,448cba08c23cc66edf328c25323733a2be3707585da3e5ed6e09a130560d3f4c
M016081:1,2007-Q3,,30689.2,Million Dollars,2007 3Q,30689.2,110,raw/tabledata_M016081_3de81f4c4307fd66.json,448cba08c23cc66edf328c25323733a2be3707585da3e5ed6e09a130560d3f4c
M016081:1,2007-Q4,,34770.4,Million Dollars,2007 4Q,34770.4,111,raw/tabledata_M016081_3de81f4c4307fd66.json,448cba08c23cc66edf328c25323733a2be3707585da3e5ed6e09a130560d3f4c
M016081:1,2008-Q1,,35050.0,Million Dollars,2008 1Q,35050,112,raw/tabledata_M016081_3de81f4c4307fd66.json,448cba08c23cc66edf328c25323733a2be3707585da3e5ed6e09a130560d3f4c
M016081:1,2008-Q2,,32055.9,Million Dollars,2008 2Q,32055.9,113,raw/tabledata_M016081_3de81f4c4307fd66.json,448cba08c23cc66edf328c25323733a2be3707585da3e5ed6e09a130560d3f4c
M016081:1,2008-Q3,,33657.1,Million Dollars,2008 3Q,33657.1,114,raw/tabledata_M016081_3de81f4c4307fd66.json,448cba08c23cc66edf328c25323733a2be3707585da3e5ed6e09a130560d3f4c
M016081:1,2008-Q4,,35335.7,Million Dollars,2008 4Q,35335.7,115,raw/tabledata_M016081_3de81f4c4307fd66.json,448cba08c23cc66edf328c25323733a2be3707585da3e5ed6e09a130560d3f4c
M016081:1,2009-Q1,,36710.6,Million Dollars,2009 1Q,36710.6,116,raw/tabledata_M016081_3de81f4c4307fd66.json,448cba08c23cc66edf328c25323733a2be3707585da3e5ed6e09a130560d3f4c
M016081:1,2009-Q2,,32854.0,Million Dollars,2009 2Q,32854,117,raw/tabledata_M016081_3de81f4c4307fd66.json,448cba08c23cc66edf328c25323733a2be3707585da3e5ed6e09a130560d3f4c
M016081:1,2009-Q3,,32915.1,Million Dollars,2009 3Q,32915.1,118,raw/tabledata_M016081_3de81f4c4307fd66.json,448cba08c23cc66edf328c25323733a2be3707585da3e5ed6e09a130560d3f4c
M016081:1,2009-Q4,,36480.6,Million Dollars,2009 4Q,36480.6,119,raw/tabledata_M016081_3de81f4c4307fd66.json,448cba08c23cc66edf328c25323733a2be3707585da3e5ed6e09a130560d3f4c
M016081:1,2010-Q1,,38327.5,Million Dollars,2010 1Q,38327.5,120,raw/tabledata_M016081_3de81f4c4307fd66.json,448cba08c23cc66edf328c25323733a2be3707585da3e5ed6e09a130560d3f4c
M016081:1,2010-Q2,,35362.3,Million Dollars,2010 2Q,35362.3,121,raw/tabledata_M016081_3de81f4c4307fd66.json,448cba08c23cc66edf328c25323733a2be3707585da3e5ed6e09a130560d3f4c
M016081:1,2010-Q3,,36778.5,Million Dollars,2010 3Q,36778.5,122,raw/tabledata_M016081_3de81f4c4307fd66.json,448cba08c23cc66edf328c25323733a2be3707585da3e5ed6e09a130560d3f4c
M016081:1,2010-Q4,,41120.2,Million Dollars,2010 4Q,41120.2,123,raw/tabledata_M016081_3de81f4c4307fd66.json,448cba08c23cc66edf328c25323733a2be3707585da3e5ed6e09a130560d3f4c
M016081:1,2011-Q1,,42108.6,Million Dollars,2011 1Q,42108.6,124,raw/tabledata_M016081_3de81f4c4307fd66.json,448cba08c23cc66edf328c25323733a2be3707585da3e5ed6e09a130560d3f4c
M016081:1,2011-Q2,,39988.0,Million Dollars,2011 2Q,39988,125,raw/tabledata_M016081_3de81f4c4307fd66.json,448cba08c23cc66edf328c25323733a2be3707585da3e5ed6e09a130560d3f4c
M016081:1,2011-Q3,,38914.0,Million Dollars,2011 3Q,38914,126,raw/tabledata_M016081_3de81f4c4307fd66.json,448cba08c23cc66edf328c25323733a2be3707585da3e5ed6e09a130560d3f4c
M016081:1,2011-Q4,,43745.3,Million Dollars,2011 4Q,43745.3,127,raw/tabledata_M016081_3de81f4c4307fd66.json,448cba08c23cc66edf328c25323733a2be3707585da3e5ed6e09a130560d3f4c
M016081:1,2012-Q1,,45755.8,Million Dollars,2012 1Q,45755.8,128,raw/tabledata_M016081_3de81f4c4307fd66.json,448cba08c23cc66edf328c25323733a2be3707585da3e5ed6e09a130560d3f4c
M016081:1,2012-Q2,,42247.1,Million Dollars,2012 2Q,42247.1,129,raw/tabledata_M016081_3de81f4c4307fd66.json,448cba08c23cc66edf328c25323733a2be3707585da3e5ed6e09a130560d3f4c
M016081:1,2012-Q3,,43373.0,Million Dollars,2012 3Q,43373,130,raw/tabledata_M016081_3de81f4c4307fd66.json,448cba08c23cc66edf328c25323733a2be3707585da3e5ed6e09a130560d3f4c
M016081:1,2012-Q4,,48353.8,Million Dollars,2012 4Q,48353.8,131,raw/tabledata_M016081_3de81f4c4307fd66.json,448cba08c23cc66edf328c25323733a2be3707585da3e5ed6e09a130560d3f4c
M016081:1,2013-Q1,,49763.2,Million Dollars,2013 1Q,49763.2,132,raw/tabledata_M016081_3de81f4c4307fd66.json,448cba08c23cc66edf328c25323733a2be3707585da3e5ed6e09a130560d3f4c
M016081:1,2013-Q2,,44880.1,Million Dollars,2013 2Q,44880.1,133,raw/tabledata_M016081_3de81f4c4307fd66.json,448cba08c23cc66edf328c25323733a2be3707585da3e5ed6e09a130560d3f4c
M016081:1,2013-Q3,,46072.7,Million Dollars,2013 3Q,46072.7,134,raw/tabledata_M016081_3de81f4c4307fd66.json,448cba08c23cc66edf328c25323733a2be3707585da3e5ed6e09a130560d3f4c
M016081:1,2013-Q4,,51359.7,Million Dollars,2013 4Q,51359.7,135,raw/tabledata_M016081_3de81f4c4307fd66.json,448cba08c23cc66edf328c25323733a2be3707585da3e5ed6e09a130560d3f4c
M016081:1,2014-Q1,,52921.6,Million Dollars,2014 1Q,52921.6,136,raw/tabledata_M016081_3de81f4c4307fd66.json,448cba08c23cc66edf328c25323733a2be3707585da3e5ed6e09a130560d3f4c
M016081:1,2014-Q2,,47943.4,Million Dollars,2014 2Q,47943.4,137,raw/tabledata_M016081_3de81f4c4307fd66.json,448cba08c23cc66edf328c25323733a2be3707585da3e5ed6e09a130560d3f4c
M016081:1,2014-Q3,,49776.7,Million Dollars,2014 3Q,49776.7,138,raw/tabledata_M016081_3de81f4c4307fd66.json,448cba08c23cc66edf328c25323733a2be3707585da3e5ed6e09a130560d3f4c
M016081:1,2014-Q4,,54767.4,Million Dollars,2014 4Q,54767.4,139,raw/tabledata_M016081_3de81f4c4307fd66.json,448cba08c23cc66edf328c25323733a2be3707585da3e5ed6e09a130560d3f4c
M016081:1,2015-Q1,,56754.9,Million Dollars,2015 1Q,56754.9,140,raw/tabledata_M016081_3de81f4c4307fd66.json,448cba08c23cc66edf328c25323733a2be3707585da3e5ed6e09a130560d3f4c
M016081:1,2015-Q2,,50930.7,Million Dollars,2015 2Q,50930.7,141,raw/tabledata_M016081_3de81f4c4307fd66.json,448cba08c23cc66edf328c25323733a2be3707585da3e5ed6e09a130560d3f4c
M016081:1,2015-Q3,,52185.6,Million Dollars,2015 3Q,52185.6,142,raw/tabledata_M016081_3de81f4c4307fd66.json,448cba08c23cc66edf328c25323733a2be3707585da3e5ed6e09a130560d3f4c
M016081:1,2015-Q4,,57275.5,Million Dollars,2015 4Q,57275.5,143,raw/tabledata_M016081_3de81f4c4307fd66.json,448cba08c23cc66edf328c25323733a2be3707585da3e5ed6e09a130560d3f4c
M016081:1,2016-Q1,,59041.2,Million Dollars,2016 1Q,59041.2,144,raw/tabledata_M016081_3de81f4c4307fd66.json,448cba08c23cc66edf328c25323733a2be3707585da3e5ed6e09a130560d3f4c
M016081:1,2016-Q2,,53118.5,Million Dollars,2016 2Q,53118.5,145,raw/tabledata_M016081_3de81f4c4307fd66.json,448cba08c23cc66edf328c25323733a2be3707585da3e5ed6e09a130560d3f4c
M016081:1,2016-Q3,,54780.8,Million Dollars,2016 3Q,54780.8,146,raw/tabledata_M016081_3de81f4c4307fd66.json,448cba08c23cc66edf328c25323733a2be3707585da3e5ed6e09a130560d3f4c
M016081:1,2016-Q4,,59448.5,Million Dollars,2016 4Q,59448.5,147,raw/tabledata_M016081_3de81f4c4307fd66.json,448cba08c23cc66edf328c25323733a2be3707585da3e5ed6e09a130560d3f4c
M016081:1,2017-Q1,,60893.0,Million Dollars,2017 1Q,60893,148,raw/tabledata_M016081_3de81f4c4307fd66.json,448cba08c23cc66edf328c25323733a2be3707585da3e5ed6e09a130560d3f4c
M016081:1,2017-Q2,,54709.0,Million Dollars,2017 2Q,54709,149,raw/tabledata_M016081_3de81f4c4307fd66.json,448cba08c23cc66edf328c25323733a2be3707585da3e5ed6e09a130560d3f4c
M016081:1,2017-Q3,,56201.7,Million Dollars,2017 3Q,56201.7,150,raw/tabledata_M016081_3de81f4c4307fd66.json,448cba08c23cc66edf328c25323733a2be3707585da3e5ed6e09a130560d3f4c
M016081:1,2017-Q4,,61954.5,Million Dollars,2017 4Q,61954.5,151,raw/tabledata_M016081_3de81f4c4307fd66.json,448cba08c23cc66edf328c25323733a2be3707585da3e5ed6e09a130560d3f4c
M016081:1,2018-Q1,,63383.5,Million Dollars,2018 1Q,63383.5,152,raw/tabledata_M016081_3de81f4c4307fd66.json,448cba08c23cc66edf328c25323733a2be3707585da3e5ed6e09a130560d3f4c
M016081:1,2018-Q2,,57505.9,Million Dollars,2018 2Q,57505.9,153,raw/tabledata_M016081_3de81f4c4307fd66.json,448cba08c23cc66edf328c25323733a2be3707585da3e5ed6e09a130560d3f4c
M016081:1,2018-Q3,,59270.8,Million Dollars,2018 3Q,59270.8,154,raw/tabledata_M016081_3de81f4c4307fd66.json,448cba08c23cc66edf328c25323733a2be3707585da3e5ed6e09a130560d3f4c
M016081:1,2018-Q4,,65746.3,Million Dollars,2018 4Q,65746.3,155,raw/tabledata_M016081_3de81f4c4307fd66.json,448cba08c23cc66edf328c25323733a2be3707585da3e5ed6e09a130560d3f4c
M016081:1,2019-Q1,,66845.7,Million Dollars,2019 1Q,66845.7,156,raw/tabledata_M016081_3de81f4c4307fd66.json,448cba08c23cc66edf328c25323733a2be3707585da3e5ed6e09a130560d3f4c
M016081:1,2019-Q2,,60673.0,Million Dollars,2019 2Q,60673,157,raw/tabledata_M016081_3de81f4c4307fd66.json,448cba08c23cc66edf328c25323733a2be3707585da3e5ed6e09a130560d3f4c
M016081:1,2019-Q3,,62823.5,Million Dollars,2019 3Q,62823.5,158,raw/tabledata_M016081_3de81f4c4307fd66.json,448cba08c23cc66edf328c25323733a2be3707585da3e5ed6e09a130560d3f4c
M016081:1,2019-Q4,,67155.9,Million Dollars,2019 4Q,67155.9,159,raw/tabledata_M016081_3de81f4c4307fd66.json,448cba08c23cc66edf328c25323733a2be3707585da3e5ed6e09a130560d3f4c
M016081:1,2020-Q1,,67356.3,Million Dollars,2020 1Q,67356.3,160,raw/tabledata_M016081_3de81f4c4307fd66.json,448cba08c23cc66edf328c25323733a2be3707585da3e5ed6e09a130560d3f4c
M016081:1,2020-Q2,,64136.7,Million Dollars,2020 2Q,64136.7,161,raw/tabledata_M016081_3de81f4c4307fd66.json,448cba08c23cc66edf328c25323733a2be3707585da3e5ed6e09a130560d3f4c
M016081:1,2020-Q3,,62579.2,Million Dollars,2020 3Q,62579.2,162,raw/tabledata_M016081_3de81f4c4307fd66.json,448cba08c23cc66edf328c25323733a2be3707585da3e5ed6e09a130560d3f4c
M016081:1,2020-Q4,,67697.7,Million Dollars,2020 4Q,67697.7,163,raw/tabledata_M016081_3de81f4c4307fd66.json,448cba08c23cc66edf328c25323733a2be3707585da3e5ed6e09a130560d3f4c
M016081:1,2021-Q1,,68756.3,Million Dollars,2021 1Q,68756.3,164,raw/tabledata_M016081_3de81f4c4307fd66.json,448cba08c23cc66edf328c25323733a2be3707585da3e5ed6e09a130560d3f4c
M016081:1,2021-Q2,,64493.5,Million Dollars,2021 2Q,64493.5,165,raw/tabledata_M016081_3de81f4c4307fd66.json,448cba08c23cc66edf328c25323733a2be3707585da3e5ed6e09a130560d3f4c
M016081:1,2021-Q3,,66180.7,Million Dollars,2021 3Q,66180.7,166,raw/tabledata_M016081_3de81f4c4307fd66.json,448cba08c23cc66edf328c25323733a2be3707585da3e5ed6e09a130560d3f4c
M016081:1,2021-Q4,,73217.3,Million Dollars,2021 4Q,73217.3,167,raw/tabledata_M016081_3de81f4c4307fd66.json,448cba08c23cc66edf328c25323733a2be3707585da3e5ed6e09a130560d3f4c
M016081:1,2022-Q1,,77382.1,Million Dollars,2022 1Q,77382.1,168,raw/tabledata_M016081_3de81f4c4307fd66.json,448cba08c23cc66edf328c25323733a2be3707585da3e5ed6e09a130560d3f4c
M016081:1,2022-Q2,,71005.5,Million Dollars,2022 2Q,71005.5,169,raw/tabledata_M016081_3de81f4c4307fd66.json,448cba08c23cc66edf328c25323733a2be3707585da3e5ed6e09a130560d3f4c
M016081:1,2022-Q3,,74630.3,Million Dollars,2022 3Q,74630.3,170,raw/tabledata_M016081_3de81f4c4307fd66.json,448cba08c23cc66edf328c25323733a2be3707585da3e5ed6e09a130560d3f4c
M016081:1,2022-Q4,,83782.4,Million Dollars,2022 4Q,83782.4,171,raw/tabledata_M016081_3de81f4c4307fd66.json,448cba08c23cc66edf328c25323733a2be3707585da3e5ed6e09a130560d3f4c
M016081:1,2023-Q1,,86895.7,Million Dollars,2023 1Q,86895.7,172,raw/tabledata_M016081_3de81f4c4307fd66.json,448cba08c23cc66edf328c25323733a2be3707585da3e5ed6e09a130560d3f4c
M016081:1,2023-Q2,,80940.5,Million Dollars,2023 2Q,80940.5,173,raw/tabledata_M016081_3de81f4c4307fd66.json,448cba08c23cc66edf328c25323733a2be3707585da3e5ed6e09a130560d3f4c
M016081:1,2023-Q3,,82771.2,Million Dollars,2023 3Q,82771.2,174,raw/tabledata_M016081_3de81f4c4307fd66.json,448cba08c23cc66edf328c25323733a2be3707585da3e5ed6e09a130560d3f4c
M016081:1,2023-Q4,,90215.2,Million Dollars,2023 4Q,90215.2,175,raw/tabledata_M016081_3de81f4c4307fd66.json,448cba08c23cc66edf328c25323733a2be3707585da3e5ed6e09a130560d3f4c
M016081:1,2024-Q1,,93827.4,Million Dollars,2024 1Q,93827.4,176,raw/tabledata_M016081_3de81f4c4307fd66.json,448cba08c23cc66edf328c25323733a2be3707585da3e5ed6e09a130560d3f4c
M016081:1,2024-Q2,,85087.7,Million Dollars,2024 2Q,85087.7,177,raw/tabledata_M016081_3de81f4c4307fd66.json,448cba08c23cc66edf328c25323733a2be3707585da3e5ed6e09a130560d3f4c
M016081:1,2024-Q3,,88696.0,Million Dollars,2024 3Q,88696,178,raw/tabledata_M016081_3de81f4c4307fd66.json,448cba08c23cc66edf328c25323733a2be3707585da3e5ed6e09a130560d3f4c
M016081:1,2024-Q4,,99653.7,Million Dollars,2024 4Q,99653.7,179,raw/tabledata_M016081_3de81f4c4307fd66.json,448cba08c23cc66edf328c25323733a2be3707585da3e5ed6e09a130560d3f4c
M016081:1,2025-Q1,,98299.1,Million Dollars,2025 1Q,98299.1,180,raw/tabledata_M016081_3de81f4c4307fd66.json,448cba08c23cc66edf328c25323733a2be3707585da3e5ed6e09a130560d3f4c
M016081:1,2025-Q2,,88342.1,Million Dollars,2025 2Q,88342.1,181,raw/tabledata_M016081_3de81f4c4307fd66.json,448cba08c23cc66edf328c25323733a2be3707585da3e5ed6e09a130560d3f4c
M016081:1,2025-Q3,,92376.1,Million Dollars,2025 3Q,92376.1,182,raw/tabledata_M016081_3de81f4c4307fd66.json,448cba08c23cc66edf328c25323733a2be3707585da3e5ed6e09a130560d3f4c
M016081:1,2025-Q4,,100633.1,Million Dollars,2025 4Q,100633.1,183,raw/tabledata_M016081_3de81f4c4307fd66.json,448cba08c23cc66edf328c25323733a2be3707585da3e5ed6e09a130560d3f4c
M016081:1,2026-Q1,,103599.3,Million Dollars,2026 1Q,103599.3,184,raw/tabledata_M016081_3de81f4c4307fd66.json,448cba08c23cc66edf328c25323733a2be3707585da3e5ed6e09a130560d3f4c
M016081:1,2026-Q2,,94423.4,Million Dollars,2026 2Q,94423.4,185,raw/tabledata_M016081_3de81f4c4307fd66.json,448cba08c23cc66edf328c25323733a2be3707585da3e5ed6e09a130560d3f4c
M700071:23,2005-10,,2.0404,Per Cent Per Annum,2005 Oct,2.0404,0,raw/tabledata_M700071_5ec2ab86786f7bd2.json,77fc485912f5d154d7864b59674a24e2c1cc6ed8a62230c1deb7df1cd8de52a5
M700071:23,2005-11,,2.3302,Per Cent Per Annum,2005 Nov,2.3302,1,raw/tabledata_M700071_5ec2ab86786f7bd2.json,77fc485912f5d154d7864b59674a24e2c1cc6ed8a62230c1deb7df1cd8de52a5
M700071:23,2005-12,,2.6352,Per Cent Per Annum,2005 Dec,2.6352,2,raw/tabledata_M700071_5ec2ab86786f7bd2.json,77fc485912f5d154d7864b59674a24e2c1cc6ed8a62230c1deb7df1cd8de52a5
M700071:23,2006-01,,2.9672,Per Cent Per Annum,2006 Jan,2.9672,3,raw/tabledata_M700071_5ec2ab86786f7bd2.json,77fc485912f5d154d7864b59674a24e2c1cc6ed8a62230c1deb7df1cd8de52a5
M700071:23,2006-02,,3.094,Per Cent Per Annum,2006 Feb,3.094,4,raw/tabledata_M700071_5ec2ab86786f7bd2.json,77fc485912f5d154d7864b59674a24e2c1cc6ed8a62230c1deb7df1cd8de52a5
M700071:23,2006-03,,3.1717,Per Cent Per Annum,2006 Mar,3.1717,5,raw/tabledata_M700071_5ec2ab86786f7bd2.json,77fc485912f5d154d7864b59674a24e2c1cc6ed8a62230c1deb7df1cd8de52a5
M700071:23,2006-04,,3.1216,Per Cent Per Annum,2006 Apr,3.1216,6,raw/tabledata_M700071_5ec2ab86786f7bd2.json,77fc485912f5d154d7864b59674a24e2c1cc6ed8a62230c1deb7df1cd8de52a5
M700071:23,2006-05,,3.1211,Per Cent Per Annum,2006 May,3.1211,7,raw/tabledata_M700071_5ec2ab86786f7bd2.json,77fc485912f5d154d7864b59674a24e2c1cc6ed8a62230c1deb7df1cd8de52a5
M700071:23,2006-06,,3.1431,Per Cent Per Annum,2006 Jun,3.1431,8,raw/tabledata_M700071_5ec2ab86786f7bd2.json,77fc485912f5d154d7864b59674a24e2c1cc6ed8a62230c1deb7df1cd8de52a5
M700071:23,2006-07,,3.1847,Per Cent Per Annum,2006 Jul,3.1847,9,raw/tabledata_M700071_5ec2ab86786f7bd2.json,77fc485912f5d154d7864b59674a24e2c1cc6ed8a62230c1deb7df1cd8de52a5
M700071:23,2006-08,,3.2396,Per Cent Per Annum,2006 Aug,3.2396,10,raw/tabledata_M700071_5ec2ab86786f7bd2.json,77fc485912f5d154d7864b59674a24e2c1cc6ed8a62230c1deb7df1cd8de52a5
M700071:23,2006-09,,3.2573,Per Cent Per Annum,2006 Sep,3.2573,11,raw/tabledata_M700071_5ec2ab86786f7bd2.json,77fc485912f5d154d7864b59674a24e2c1cc6ed8a62230c1deb7df1cd8de52a5
M700071:23,2006-10,,3.3125,Per Cent Per Annum,2006 Oct,3.3125,12,raw/tabledata_M700071_5ec2ab86786f7bd2.json,77fc485912f5d154d7864b59674a24e2c1cc6ed8a62230c1deb7df1cd8de52a5
M700071:23,2006-11,,3.3216,Per Cent Per Annum,2006 Nov,3.3216,13,raw/tabledata_M700071_5ec2ab86786f7bd2.json,77fc485912f5d154d7864b59674a24e2c1cc6ed8a62230c1deb7df1cd8de52a5
M700071:23,2006-12,,3.2918,Per Cent Per Annum,2006 Dec,3.2918,14,raw/tabledata_M700071_5ec2ab86786f7bd2.json,77fc485912f5d154d7864b59674a24e2c1cc6ed8a62230c1deb7df1cd8de52a5
M700071:23,2007-01,,3.205,Per Cent Per Annum,2007 Jan,3.205,15,raw/tabledata_M700071_5ec2ab86786f7bd2.json,77fc485912f5d154d7864b59674a24e2c1cc6ed8a62230c1deb7df1cd8de52a5
M700071:23,2007-02,,3.1456,Per Cent Per Annum,2007 Feb,3.1456,16,raw/tabledata_M700071_5ec2ab86786f7bd2.json,77fc485912f5d154d7864b59674a24e2c1cc6ed8a62230c1deb7df1cd8de52a5
M700071:23,2007-03,,2.9207,Per Cent Per Annum,2007 Mar,2.9207,17,raw/tabledata_M700071_5ec2ab86786f7bd2.json,77fc485912f5d154d7864b59674a24e2c1cc6ed8a62230c1deb7df1cd8de52a5
M700071:23,2007-04,,2.6611,Per Cent Per Annum,2007 Apr,2.6611,18,raw/tabledata_M700071_5ec2ab86786f7bd2.json,77fc485912f5d154d7864b59674a24e2c1cc6ed8a62230c1deb7df1cd8de52a5
M700071:23,2007-05,,2.3771,Per Cent Per Annum,2007 May,2.3771,19,raw/tabledata_M700071_5ec2ab86786f7bd2.json,77fc485912f5d154d7864b59674a24e2c1cc6ed8a62230c1deb7df1cd8de52a5
M700071:23,2007-06,,2.2379,Per Cent Per Annum,2007 Jun,2.2379,20,raw/tabledata_M700071_5ec2ab86786f7bd2.json,77fc485912f5d154d7864b59674a24e2c1cc6ed8a62230c1deb7df1cd8de52a5
M700071:23,2007-07,,2.2052,Per Cent Per Annum,2007 Jul,2.2052,21,raw/tabledata_M700071_5ec2ab86786f7bd2.json,77fc485912f5d154d7864b59674a24e2c1cc6ed8a62230c1deb7df1cd8de52a5
M700071:23,2007-08,,2.2695,Per Cent Per Annum,2007 Aug,2.2695,22,raw/tabledata_M700071_5ec2ab86786f7bd2.json,77fc485912f5d154d7864b59674a24e2c1cc6ed8a62230c1deb7df1cd8de52a5
M700071:23,2007-09,,2.2837,Per Cent Per Annum,2007 Sep,2.2837,23,raw/tabledata_M700071_5ec2ab86786f7bd2.json,77fc485912f5d154d7864b59674a24e2c1cc6ed8a62230c1deb7df1cd8de52a5
M700071:23,2007-10,,2.2575,Per Cent Per Annum,2007 Oct,2.2575,24,raw/tabledata_M700071_5ec2ab86786f7bd2.json,77fc485912f5d154d7864b59674a24e2c1cc6ed8a62230c1deb7df1cd8de52a5
M700071:23,2007-11,,2.0178,Per Cent Per Annum,2007 Nov,2.0178,25,raw/tabledata_M700071_5ec2ab86786f7bd2.json,77fc485912f5d154d7864b59674a24e2c1cc6ed8a62230c1deb7df1cd8de52a5
M700071:23,2007-12,,1.5836,Per Cent Per Annum,2007 Dec,1.5836,26,raw/tabledata_M700071_5ec2ab86786f7bd2.json,77fc485912f5d154d7864b59674a24e2c1cc6ed8a62230c1deb7df1cd8de52a5
M700071:23,2008-01,,1.2604,Per Cent Per Annum,2008 Jan,1.2604,27,raw/tabledata_M700071_5ec2ab86786f7bd2.json,77fc485912f5d154d7864b59674a24e2c1cc6ed8a62230c1deb7df1cd8de52a5
M700071:23,2008-02,,1.1332,Per Cent Per Annum,2008 Feb,1.1332,28,raw/tabledata_M700071_5ec2ab86786f7bd2.json,77fc485912f5d154d7864b59674a24e2c1cc6ed8a62230c1deb7df1cd8de52a5
M700071:23,2008-03,,1.0839,Per Cent Per Annum,2008 Mar,1.0839,29,raw/tabledata_M700071_5ec2ab86786f7bd2.json,77fc485912f5d154d7864b59674a24e2c1cc6ed8a62230c1deb7df1cd8de52a5
M700071:23,2008-04,,0.8531,Per Cent Per Annum,2008 Apr,0.8531,30,raw/tabledata_M700071_5ec2ab86786f7bd2.json,77fc485912f5d154d7864b59674a24e2c1cc6ed8a62230c1deb7df1cd8de52a5
M700071:23,2008-05,,0.6457,Per Cent Per Annum,2008 May,0.6457,31,raw/tabledata_M700071_5ec2ab86786f7bd2.json,77fc485912f5d154d7864b59674a24e2c1cc6ed8a62230c1deb7df1cd8de52a5
M700071:23,2008-06,,0.5125,Per Cent Per Annum,2008 Jun,0.5125,32,raw/tabledata_M700071_5ec2ab86786f7bd2.json,77fc485912f5d154d7864b59674a24e2c1cc6ed8a62230c1deb7df1cd8de52a5
M700071:23,2008-07,,0.4498,Per Cent Per Annum,2008 Jul,0.4498,33,raw/tabledata_M700071_5ec2ab86786f7bd2.json,77fc485912f5d154d7864b59674a24e2c1cc6ed8a62230c1deb7df1cd8de52a5
M700071:23,2008-08,,0.4307,Per Cent Per Annum,2008 Aug,0.4307,34,raw/tabledata_M700071_5ec2ab86786f7bd2.json,77fc485912f5d154d7864b59674a24e2c1cc6ed8a62230c1deb7df1cd8de52a5
M700071:23,2008-09,,0.7137,Per Cent Per Annum,2008 Sep,0.7137,35,raw/tabledata_M700071_5ec2ab86786f7bd2.json,77fc485912f5d154d7864b59674a24e2c1cc6ed8a62230c1deb7df1cd8de52a5
M700071:23,2008-10,,0.7723,Per Cent Per Annum,2008 Oct,0.7723,36,raw/tabledata_M700071_5ec2ab86786f7bd2.json,77fc485912f5d154d7864b59674a24e2c1cc6ed8a62230c1deb7df1cd8de52a5
M700071:23,2008-11,,0.7117,Per Cent Per Annum,2008 Nov,0.7117,37,raw/tabledata_M700071_5ec2ab86786f7bd2.json,77fc485912f5d154d7864b59674a24e2c1cc6ed8a62230c1deb7df1cd8de52a5
M700071:23,2008-12,,0.4392,Per Cent Per Annum,2008 Dec,0.4392,38,raw/tabledata_M700071_5ec2ab86786f7bd2.json,77fc485912f5d154d7864b59674a24e2c1cc6ed8a62230c1deb7df1cd8de52a5
M700071:23,2009-01,,0.3089,Per Cent Per Annum,2009 Jan,0.3089,39,raw/tabledata_M700071_5ec2ab86786f7bd2.json,77fc485912f5d154d7864b59674a24e2c1cc6ed8a62230c1deb7df1cd8de52a5
M700071:23,2009-02,,0.2298,Per Cent Per Annum,2009 Feb,0.2298,40,raw/tabledata_M700071_5ec2ab86786f7bd2.json,77fc485912f5d154d7864b59674a24e2c1cc6ed8a62230c1deb7df1cd8de52a5
M700071:23,2009-03,,0.2047,Per Cent Per Annum,2009 Mar,0.2047,41,raw/tabledata_M700071_5ec2ab86786f7bd2.json,77fc485912f5d154d7864b59674a24e2c1cc6ed8a62230c1deb7df1cd8de52a5
M700071:23,2009-04,,0.1974,Per Cent Per Annum,2009 Apr,0.1974,42,raw/tabledata_M700071_5ec2ab86786f7bd2.json,77fc485912f5d154d7864b59674a24e2c1cc6ed8a62230c1deb7df1cd8de52a5
M700071:23,2009-05,,0.1683,Per Cent Per Annum,2009 May,0.1683,43,raw/tabledata_M700071_5ec2ab86786f7bd2.json,77fc485912f5d154d7864b59674a24e2c1cc6ed8a62230c1deb7df1cd8de52a5
M700071:23,2009-06,,0.1232,Per Cent Per Annum,2009 Jun,0.1232,44,raw/tabledata_M700071_5ec2ab86786f7bd2.json,77fc485912f5d154d7864b59674a24e2c1cc6ed8a62230c1deb7df1cd8de52a5
M700071:23,2009-07,,0.135,Per Cent Per Annum,2009 Jul,0.135,45,raw/tabledata_M700071_5ec2ab86786f7bd2.json,77fc485912f5d154d7864b59674a24e2c1cc6ed8a62230c1deb7df1cd8de52a5
M700071:23,2009-08,,0.1919,Per Cent Per Annum,2009 Aug,0.1919,46,raw/tabledata_M700071_5ec2ab86786f7bd2.json,77fc485912f5d154d7864b59674a24e2c1cc6ed8a62230c1deb7df1cd8de52a5
M700071:23,2009-09,,0.2064,Per Cent Per Annum,2009 Sep,0.2064,47,raw/tabledata_M700071_5ec2ab86786f7bd2.json,77fc485912f5d154d7864b59674a24e2c1cc6ed8a62230c1deb7df1cd8de52a5
M700071:23,2009-10,,0.2574,Per Cent Per Annum,2009 Oct,0.2574,48,raw/tabledata_M700071_5ec2ab86786f7bd2.json,77fc485912f5d154d7864b59674a24e2c1cc6ed8a62230c1deb7df1cd8de52a5
M700071:23,2009-11,,0.2541,Per Cent Per Annum,2009 Nov,0.2541,49,raw/tabledata_M700071_5ec2ab86786f7bd2.json,77fc485912f5d154d7864b59674a24e2c1cc6ed8a62230c1deb7df1cd8de52a5
M700071:23,2009-12,,0.2149,Per Cent Per Annum,2009 Dec,0.2149,50,raw/tabledata_M700071_5ec2ab86786f7bd2.json,77fc485912f5d154d7864b59674a24e2c1cc6ed8a62230c1deb7df1cd8de52a5
M700071:23,2010-01,,0.1703,Per Cent Per Annum,2010 Jan,0.1703,51,raw/tabledata_M700071_5ec2ab86786f7bd2.json,77fc485912f5d154d7864b59674a24e2c1cc6ed8a62230c1deb7df1cd8de52a5
M700071:23,2010-02,,0.1352,Per Cent Per Annum,2010 Feb,0.1352,52,raw/tabledata_M700071_5ec2ab86786f7bd2.json,77fc485912f5d154d7864b59674a24e2c1cc6ed8a62230c1deb7df1cd8de52a5
M700071:23,2010-03,,0.1326,Per Cent Per Annum,2010 Mar,0.1326,53,raw/tabledata_M700071_5ec2ab86786f7bd2.json,77fc485912f5d154d7864b59674a24e2c1cc6ed8a62230c1deb7df1cd8de52a5
M700071:23,2010-04,,0.123,Per Cent Per Annum,2010 Apr,0.123,54,raw/tabledata_M700071_5ec2ab86786f7bd2.json,77fc485912f5d154d7864b59674a24e2c1cc6ed8a62230c1deb7df1cd8de52a5
M700071:23,2010-05,,0.1054,Per Cent Per Annum,2010 May,0.1054,55,raw/tabledata_M700071_5ec2ab86786f7bd2.json,77fc485912f5d154d7864b59674a24e2c1cc6ed8a62230c1deb7df1cd8de52a5
M700071:23,2010-06,,0.117,Per Cent Per Annum,2010 Jun,0.117,56,raw/tabledata_M700071_5ec2ab86786f7bd2.json,77fc485912f5d154d7864b59674a24e2c1cc6ed8a62230c1deb7df1cd8de52a5
M700071:23,2010-07,,0.1218,Per Cent Per Annum,2010 Jul,0.1218,57,raw/tabledata_M700071_5ec2ab86786f7bd2.json,77fc485912f5d154d7864b59674a24e2c1cc6ed8a62230c1deb7df1cd8de52a5
M700071:23,2010-08,,0.1224,Per Cent Per Annum,2010 Aug,0.1224,58,raw/tabledata_M700071_5ec2ab86786f7bd2.json,77fc485912f5d154d7864b59674a24e2c1cc6ed8a62230c1deb7df1cd8de52a5
M700071:23,2010-09,,0.1139,Per Cent Per Annum,2010 Sep,0.1139,59,raw/tabledata_M700071_5ec2ab86786f7bd2.json,77fc485912f5d154d7864b59674a24e2c1cc6ed8a62230c1deb7df1cd8de52a5
M700071:23,2010-10,,0.0997,Per Cent Per Annum,2010 Oct,0.0997,60,raw/tabledata_M700071_5ec2ab86786f7bd2.json,77fc485912f5d154d7864b59674a24e2c1cc6ed8a62230c1deb7df1cd8de52a5
M700071:23,2010-11,,0.0934,Per Cent Per Annum,2010 Nov,0.0934,61,raw/tabledata_M700071_5ec2ab86786f7bd2.json,77fc485912f5d154d7864b59674a24e2c1cc6ed8a62230c1deb7df1cd8de52a5
M700071:23,2010-12,,0.0792,Per Cent Per Annum,2010 Dec,0.0792,62,raw/tabledata_M700071_5ec2ab86786f7bd2.json,77fc485912f5d154d7864b59674a24e2c1cc6ed8a62230c1deb7df1cd8de52a5
M700071:23,2011-01,,0.0757,Per Cent Per Annum,2011 Jan,0.0757,63,raw/tabledata_M700071_5ec2ab86786f7bd2.json,77fc485912f5d154d7864b59674a24e2c1cc6ed8a62230c1deb7df1cd8de52a5
M700071:23,2011-02,,0.0732,Per Cent Per Annum,2011 Feb,0.0732,64,raw/tabledata_M700071_5ec2ab86786f7bd2.json,77fc485912f5d154d7864b59674a24e2c1cc6ed8a62230c1deb7df1cd8de52a5
M700071:23,2011-03,,0.0609,Per Cent Per Annum,2011 Mar,0.0609,65,raw/tabledata_M700071_5ec2ab86786f7bd2.json,77fc485912f5d154d7864b59674a24e2c1cc6ed8a62230c1deb7df1cd8de52a5
M700071:23,2011-04,,0.0583,Per Cent Per Annum,2011 Apr,0.0583,66,raw/tabledata_M700071_5ec2ab86786f7bd2.json,77fc485912f5d154d7864b59674a24e2c1cc6ed8a62230c1deb7df1cd8de52a5
M700071:23,2011-05,,0.0554,Per Cent Per Annum,2011 May,0.0554,67,raw/tabledata_M700071_5ec2ab86786f7bd2.json,77fc485912f5d154d7864b59674a24e2c1cc6ed8a62230c1deb7df1cd8de52a5
M700071:23,2011-06,,0.0619,Per Cent Per Annum,2011 Jun,0.0619,68,raw/tabledata_M700071_5ec2ab86786f7bd2.json,77fc485912f5d154d7864b59674a24e2c1cc6ed8a62230c1deb7df1cd8de52a5
M700071:23,2011-07,,0.0511,Per Cent Per Annum,2011 Jul,0.0511,69,raw/tabledata_M700071_5ec2ab86786f7bd2.json,77fc485912f5d154d7864b59674a24e2c1cc6ed8a62230c1deb7df1cd8de52a5
M700071:23,2011-08,,0.0449,Per Cent Per Annum,2011 Aug,0.0449,70,raw/tabledata_M700071_5ec2ab86786f7bd2.json,77fc485912f5d154d7864b59674a24e2c1cc6ed8a62230c1deb7df1cd8de52a5
M700071:23,2011-09,,0.0472,Per Cent Per Annum,2011 Sep,0.0472,71,raw/tabledata_M700071_5ec2ab86786f7bd2.json,77fc485912f5d154d7864b59674a24e2c1cc6ed8a62230c1deb7df1cd8de52a5
M700071:23,2011-10,,0.0511,Per Cent Per Annum,2011 Oct,0.0511,72,raw/tabledata_M700071_5ec2ab86786f7bd2.json,77fc485912f5d154d7864b59674a24e2c1cc6ed8a62230c1deb7df1cd8de52a5
M700071:23,2011-11,,0.0555,Per Cent Per Annum,2011 Nov,0.0555,73,raw/tabledata_M700071_5ec2ab86786f7bd2.json,77fc485912f5d154d7864b59674a24e2c1cc6ed8a62230c1deb7df1cd8de52a5
M700071:23,2011-12,,0.0548,Per Cent Per Annum,2011 Dec,0.0548,74,raw/tabledata_M700071_5ec2ab86786f7bd2.json,77fc485912f5d154d7864b59674a24e2c1cc6ed8a62230c1deb7df1cd8de52a5
M700071:23,2012-01,,0.0611,Per Cent Per Annum,2012 Jan,0.0611,75,raw/tabledata_M700071_5ec2ab86786f7bd2.json,77fc485912f5d154d7864b59674a24e2c1cc6ed8a62230c1deb7df1cd8de52a5
M700071:23,2012-02,,0.0522,Per Cent Per Annum,2012 Feb,0.0522,76,raw/tabledata_M700071_5ec2ab86786f7bd2.json,77fc485912f5d154d7864b59674a24e2c1cc6ed8a62230c1deb7df1cd8de52a5
M700071:23,2012-03,,0.0494,Per Cent Per Annum,2012 Mar,0.0494,77,raw/tabledata_M700071_5ec2ab86786f7bd2.json,77fc485912f5d154d7864b59674a24e2c1cc6ed8a62230c1deb7df1cd8de52a5
M700071:23,2012-04,,0.0362,Per Cent Per Annum,2012 Apr,0.0362,78,raw/tabledata_M700071_5ec2ab86786f7bd2.json,77fc485912f5d154d7864b59674a24e2c1cc6ed8a62230c1deb7df1cd8de52a5
M700071:23,2012-05,,0.0454,Per Cent Per Annum,2012 May,0.0454,79,raw/tabledata_M700071_5ec2ab86786f7bd2.json,77fc485912f5d154d7864b59674a24e2c1cc6ed8a62230c1deb7df1cd8de52a5
M700071:23,2012-06,,0.0484,Per Cent Per Annum,2012 Jun,0.0484,80,raw/tabledata_M700071_5ec2ab86786f7bd2.json,77fc485912f5d154d7864b59674a24e2c1cc6ed8a62230c1deb7df1cd8de52a5
M700071:23,2012-07,,0.0577,Per Cent Per Annum,2012 Jul,0.0577,81,raw/tabledata_M700071_5ec2ab86786f7bd2.json,77fc485912f5d154d7864b59674a24e2c1cc6ed8a62230c1deb7df1cd8de52a5
M700071:23,2012-08,,0.0625,Per Cent Per Annum,2012 Aug,0.0625,82,raw/tabledata_M700071_5ec2ab86786f7bd2.json,77fc485912f5d154d7864b59674a24e2c1cc6ed8a62230c1deb7df1cd8de52a5
M700071:23,2012-09,,0.0769,Per Cent Per Annum,2012 Sep,0.0769,83,raw/tabledata_M700071_5ec2ab86786f7bd2.json,77fc485912f5d154d7864b59674a24e2c1cc6ed8a62230c1deb7df1cd8de52a5
M700071:23,2012-10,,0.0794,Per Cent Per Annum,2012 Oct,0.0794,84,raw/tabledata_M700071_5ec2ab86786f7bd2.json,77fc485912f5d154d7864b59674a24e2c1cc6ed8a62230c1deb7df1cd8de52a5
M700071:23,2012-11,,0.0751,Per Cent Per Annum,2012 Nov,0.0751,85,raw/tabledata_M700071_5ec2ab86786f7bd2.json,77fc485912f5d154d7864b59674a24e2c1cc6ed8a62230c1deb7df1cd8de52a5
M700071:23,2012-12,,0.0583,Per Cent Per Annum,2012 Dec,0.0583,86,raw/tabledata_M700071_5ec2ab86786f7bd2.json,77fc485912f5d154d7864b59674a24e2c1cc6ed8a62230c1deb7df1cd8de52a5
M700071:23,2013-01,,0.0505,Per Cent Per Annum,2013 Jan,0.0505,87,raw/tabledata_M700071_5ec2ab86786f7bd2.json,77fc485912f5d154d7864b59674a24e2c1cc6ed8a62230c1deb7df1cd8de52a5
M700071:23,2013-02,,0.0505,Per Cent Per Annum,2013 Feb,0.0505,88,raw/tabledata_M700071_5ec2ab86786f7bd2.json,77fc485912f5d154d7864b59674a24e2c1cc6ed8a62230c1deb7df1cd8de52a5
M700071:23,2013-03,,0.0483,Per Cent Per Annum,2013 Mar,0.0483,89,raw/tabledata_M700071_5ec2ab86786f7bd2.json,77fc485912f5d154d7864b59674a24e2c1cc6ed8a62230c1deb7df1cd8de52a5
M700071:23,2013-04,,0.0494,Per Cent Per Annum,2013 Apr,0.0494,90,raw/tabledata_M700071_5ec2ab86786f7bd2.json,77fc485912f5d154d7864b59674a24e2c1cc6ed8a62230c1deb7df1cd8de52a5
M700071:23,2013-05,,0.0523,Per Cent Per Annum,2013 May,0.0523,91,raw/tabledata_M700071_5ec2ab86786f7bd2.json,77fc485912f5d154d7864b59674a24e2c1cc6ed8a62230c1deb7df1cd8de52a5
M700071:23,2013-06,,0.0496,Per Cent Per Annum,2013 Jun,0.0496,92,raw/tabledata_M700071_5ec2ab86786f7bd2.json,77fc485912f5d154d7864b59674a24e2c1cc6ed8a62230c1deb7df1cd8de52a5
M700071:23,2013-07,,0.0512,Per Cent Per Annum,2013 Jul,0.0512,93,raw/tabledata_M700071_5ec2ab86786f7bd2.json,77fc485912f5d154d7864b59674a24e2c1cc6ed8a62230c1deb7df1cd8de52a5
M700071:23,2013-08,,0.0428,Per Cent Per Annum,2013 Aug,0.0428,94,raw/tabledata_M700071_5ec2ab86786f7bd2.json,77fc485912f5d154d7864b59674a24e2c1cc6ed8a62230c1deb7df1cd8de52a5
M700071:23,2013-09,,0.0395,Per Cent Per Annum,2013 Sep,0.0395,95,raw/tabledata_M700071_5ec2ab86786f7bd2.json,77fc485912f5d154d7864b59674a24e2c1cc6ed8a62230c1deb7df1cd8de52a5
M700071:23,2013-10,,0.051,Per Cent Per Annum,2013 Oct,0.051,96,raw/tabledata_M700071_5ec2ab86786f7bd2.json,77fc485912f5d154d7864b59674a24e2c1cc6ed8a62230c1deb7df1cd8de52a5
M700071:23,2013-11,,0.057,Per Cent Per Annum,2013 Nov,0.057,97,raw/tabledata_M700071_5ec2ab86786f7bd2.json,77fc485912f5d154d7864b59674a24e2c1cc6ed8a62230c1deb7df1cd8de52a5
M700071:23,2013-12,,0.0642,Per Cent Per Annum,2013 Dec,0.0642,98,raw/tabledata_M700071_5ec2ab86786f7bd2.json,77fc485912f5d154d7864b59674a24e2c1cc6ed8a62230c1deb7df1cd8de52a5
M700071:23,2014-01,,0.0524,Per Cent Per Annum,2014 Jan,0.0524,99,raw/tabledata_M700071_5ec2ab86786f7bd2.json,77fc485912f5d154d7864b59674a24e2c1cc6ed8a62230c1deb7df1cd8de52a5
M700071:23,2014-02,,0.048,Per Cent Per Annum,2014 Feb,0.048,100,raw/tabledata_M700071_5ec2ab86786f7bd2.json,77fc485912f5d154d7864b59674a24e2c1cc6ed8a62230c1deb7df1cd8de52a5
M700071:23,2014-03,,0.0575,Per Cent Per Annum,2014 Mar,0.0575,101,raw/tabledata_M700071_5ec2ab86786f7bd2.json,77fc485912f5d154d7864b59674a24e2c1cc6ed8a62230c1deb7df1cd8de52a5
M700071:23,2014-04,,0.0652,Per Cent Per Annum,2014 Apr,0.0652,102,raw/tabledata_M700071_5ec2ab86786f7bd2.json,77fc485912f5d154d7864b59674a24e2c1cc6ed8a62230c1deb7df1cd8de52a5
M700071:23,2014-05,,0.0785,Per Cent Per Annum,2014 May,0.0785,103,raw/tabledata_M700071_5ec2ab86786f7bd2.json,77fc485912f5d154d7864b59674a24e2c1cc6ed8a62230c1deb7df1cd8de52a5
M700071:23,2014-06,,0.0718,Per Cent Per Annum,2014 Jun,0.0718,104,raw/tabledata_M700071_5ec2ab86786f7bd2.json,77fc485912f5d154d7864b59674a24e2c1cc6ed8a62230c1deb7df1cd8de52a5
M700071:23,2014-07,,0.071,Per Cent Per Annum,2014 Jul,0.071,105,raw/tabledata_M700071_5ec2ab86786f7bd2.json,77fc485912f5d154d7864b59674a24e2c1cc6ed8a62230c1deb7df1cd8de52a5
M700071:23,2014-08,,0.073,Per Cent Per Annum,2014 Aug,0.073,106,raw/tabledata_M700071_5ec2ab86786f7bd2.json,77fc485912f5d154d7864b59674a24e2c1cc6ed8a62230c1deb7df1cd8de52a5
M700071:23,2014-09,,0.0811,Per Cent Per Annum,2014 Sep,0.0811,107,raw/tabledata_M700071_5ec2ab86786f7bd2.json,77fc485912f5d154d7864b59674a24e2c1cc6ed8a62230c1deb7df1cd8de52a5
M700071:23,2014-10,,0.0868,Per Cent Per Annum,2014 Oct,0.0868,108,raw/tabledata_M700071_5ec2ab86786f7bd2.json,77fc485912f5d154d7864b59674a24e2c1cc6ed8a62230c1deb7df1cd8de52a5
M700071:23,2014-11,,0.0979,Per Cent Per Annum,2014 Nov,0.0979,109,raw/tabledata_M700071_5ec2ab86786f7bd2.json,77fc485912f5d154d7864b59674a24e2c1cc6ed8a62230c1deb7df1cd8de52a5
M700071:23,2014-12,,0.1183,Per Cent Per Annum,2014 Dec,0.1183,110,raw/tabledata_M700071_5ec2ab86786f7bd2.json,77fc485912f5d154d7864b59674a24e2c1cc6ed8a62230c1deb7df1cd8de52a5
M700071:23,2015-01,,0.1433,Per Cent Per Annum,2015 Jan,0.1433,111,raw/tabledata_M700071_5ec2ab86786f7bd2.json,77fc485912f5d154d7864b59674a24e2c1cc6ed8a62230c1deb7df1cd8de52a5
M700071:23,2015-02,,0.1981,Per Cent Per Annum,2015 Feb,0.1981,112,raw/tabledata_M700071_5ec2ab86786f7bd2.json,77fc485912f5d154d7864b59674a24e2c1cc6ed8a62230c1deb7df1cd8de52a5
M700071:23,2015-03,,0.2331,Per Cent Per Annum,2015 Mar,0.2331,113,raw/tabledata_M700071_5ec2ab86786f7bd2.json,77fc485912f5d154d7864b59674a24e2c1cc6ed8a62230c1deb7df1cd8de52a5
M700071:23,2015-04,,0.2619,Per Cent Per Annum,2015 Apr,0.2619,114,raw/tabledata_M700071_5ec2ab86786f7bd2.json,77fc485912f5d154d7864b59674a24e2c1cc6ed8a62230c1deb7df1cd8de52a5
M700071:23,2015-05,,0.2362,Per Cent Per Annum,2015 May,0.2362,115,raw/tabledata_M700071_5ec2ab86786f7bd2.json,77fc485912f5d154d7864b59674a24e2c1cc6ed8a62230c1deb7df1cd8de52a5
M700071:23,2015-06,,0.229,Per Cent Per Annum,2015 Jun,0.229,116,raw/tabledata_M700071_5ec2ab86786f7bd2.json,77fc485912f5d154d7864b59674a24e2c1cc6ed8a62230c1deb7df1cd8de52a5
M700071:23,2015-07,,0.2248,Per Cent Per Annum,2015 Jul,0.2248,117,raw/tabledata_M700071_5ec2ab86786f7bd2.json,77fc485912f5d154d7864b59674a24e2c1cc6ed8a62230c1deb7df1cd8de52a5
M700071:23,2015-08,,0.2331,Per Cent Per Annum,2015 Aug,0.2331,118,raw/tabledata_M700071_5ec2ab86786f7bd2.json,77fc485912f5d154d7864b59674a24e2c1cc6ed8a62230c1deb7df1cd8de52a5
M700071:23,2015-09,,0.214,Per Cent Per Annum,2015 Sep,0.214,119,raw/tabledata_M700071_5ec2ab86786f7bd2.json,77fc485912f5d154d7864b59674a24e2c1cc6ed8a62230c1deb7df1cd8de52a5
M700071:23,2015-10,,0.2521,Per Cent Per Annum,2015 Oct,0.2521,120,raw/tabledata_M700071_5ec2ab86786f7bd2.json,77fc485912f5d154d7864b59674a24e2c1cc6ed8a62230c1deb7df1cd8de52a5
M700071:23,2015-11,,0.3049,Per Cent Per Annum,2015 Nov,0.3049,121,raw/tabledata_M700071_5ec2ab86786f7bd2.json,77fc485912f5d154d7864b59674a24e2c1cc6ed8a62230c1deb7df1cd8de52a5
M700071:23,2015-12,,0.3483,Per Cent Per Annum,2015 Dec,0.3483,122,raw/tabledata_M700071_5ec2ab86786f7bd2.json,77fc485912f5d154d7864b59674a24e2c1cc6ed8a62230c1deb7df1cd8de52a5
M700071:23,2016-01,,0.3526,Per Cent Per Annum,2016 Jan,0.3526,123,raw/tabledata_M700071_5ec2ab86786f7bd2.json,77fc485912f5d154d7864b59674a24e2c1cc6ed8a62230c1deb7df1cd8de52a5
M700071:23,2016-02,,0.3027,Per Cent Per Annum,2016 Feb,0.3027,124,raw/tabledata_M700071_5ec2ab86786f7bd2.json,77fc485912f5d154d7864b59674a24e2c1cc6ed8a62230c1deb7df1cd8de52a5
M700071:23,2016-03,,0.3075,Per Cent Per Annum,2016 Mar,0.3075,125,raw/tabledata_M700071_5ec2ab86786f7bd2.json,77fc485912f5d154d7864b59674a24e2c1cc6ed8a62230c1deb7df1cd8de52a5
M700071:23,2016-04,,0.309,Per Cent Per Annum,2016 Apr,0.309,126,raw/tabledata_M700071_5ec2ab86786f7bd2.json,77fc485912f5d154d7864b59674a24e2c1cc6ed8a62230c1deb7df1cd8de52a5
M700071:23,2016-05,,0.2836,Per Cent Per Annum,2016 May,0.2836,127,raw/tabledata_M700071_5ec2ab86786f7bd2.json,77fc485912f5d154d7864b59674a24e2c1cc6ed8a62230c1deb7df1cd8de52a5
M700071:23,2016-06,,0.2257,Per Cent Per Annum,2016 Jun,0.2257,128,raw/tabledata_M700071_5ec2ab86786f7bd2.json,77fc485912f5d154d7864b59674a24e2c1cc6ed8a62230c1deb7df1cd8de52a5
M700071:23,2016-07,,0.1903,Per Cent Per Annum,2016 Jul,0.1903,129,raw/tabledata_M700071_5ec2ab86786f7bd2.json,77fc485912f5d154d7864b59674a24e2c1cc6ed8a62230c1deb7df1cd8de52a5
M700071:23,2016-08,,0.1473,Per Cent Per Annum,2016 Aug,0.1473,130,raw/tabledata_M700071_5ec2ab86786f7bd2.json,77fc485912f5d154d7864b59674a24e2c1cc6ed8a62230c1deb7df1cd8de52a5
M700071:23,2016-09,,0.1331,Per Cent Per Annum,2016 Sep,0.1331,131,raw/tabledata_M700071_5ec2ab86786f7bd2.json,77fc485912f5d154d7864b59674a24e2c1cc6ed8a62230c1deb7df1cd8de52a5
M700071:23,2016-10,,0.0807,Per Cent Per Annum,2016 Oct,0.0807,132,raw/tabledata_M700071_5ec2ab86786f7bd2.json,77fc485912f5d154d7864b59674a24e2c1cc6ed8a62230c1deb7df1cd8de52a5
M700071:23,2016-11,,0.0854,Per Cent Per Annum,2016 Nov,0.0854,133,raw/tabledata_M700071_5ec2ab86786f7bd2.json,77fc485912f5d154d7864b59674a24e2c1cc6ed8a62230c1deb7df1cd8de52a5
M700071:23,2016-12,,0.1458,Per Cent Per Annum,2016 Dec,0.1458,134,raw/tabledata_M700071_5ec2ab86786f7bd2.json,77fc485912f5d154d7864b59674a24e2c1cc6ed8a62230c1deb7df1cd8de52a5
M700071:23,2017-01,,0.1688,Per Cent Per Annum,2017 Jan,0.1688,135,raw/tabledata_M700071_5ec2ab86786f7bd2.json,77fc485912f5d154d7864b59674a24e2c1cc6ed8a62230c1deb7df1cd8de52a5
M700071:23,2017-02,,0.2413,Per Cent Per Annum,2017 Feb,0.2413,136,raw/tabledata_M700071_5ec2ab86786f7bd2.json,77fc485912f5d154d7864b59674a24e2c1cc6ed8a62230c1deb7df1cd8de52a5
M700071:23,2017-03,,0.2604,Per Cent Per Annum,2017 Mar,0.2604,137,raw/tabledata_M700071_5ec2ab86786f7bd2.json,77fc485912f5d154d7864b59674a24e2c1cc6ed8a62230c1deb7df1cd8de52a5
M700071:23,2017-04,,0.3518,Per Cent Per Annum,2017 Apr,0.3518,138,raw/tabledata_M700071_5ec2ab86786f7bd2.json,77fc485912f5d154d7864b59674a24e2c1cc6ed8a62230c1deb7df1cd8de52a5
M700071:23,2017-05,,0.4018,Per Cent Per Annum,2017 May,0.4018,139,raw/tabledata_M700071_5ec2ab86786f7bd2.json,77fc485912f5d154d7864b59674a24e2c1cc6ed8a62230c1deb7df1cd8de52a5
M700071:23,2017-06,,0.4935,Per Cent Per Annum,2017 Jun,0.4935,140,raw/tabledata_M700071_5ec2ab86786f7bd2.json,77fc485912f5d154d7864b59674a24e2c1cc6ed8a62230c1deb7df1cd8de52a5
M700071:23,2017-07,,0.5993,Per Cent Per Annum,2017 Jul,0.5993,141,raw/tabledata_M700071_5ec2ab86786f7bd2.json,77fc485912f5d154d7864b59674a24e2c1cc6ed8a62230c1deb7df1cd8de52a5
M700071:23,2017-08,,0.6832,Per Cent Per Annum,2017 Aug,0.6832,142,raw/tabledata_M700071_5ec2ab86786f7bd2.json,77fc485912f5d154d7864b59674a24e2c1cc6ed8a62230c1deb7df1cd8de52a5
M700071:23,2017-09,,0.7045,Per Cent Per Annum,2017 Sep,0.7045,143,raw/tabledata_M700071_5ec2ab86786f7bd2.json,77fc485912f5d154d7864b59674a24e2c1cc6ed8a62230c1deb7df1cd8de52a5
M700071:23,2017-10,,0.7386,Per Cent Per Annum,2017 Oct,0.7386,144,raw/tabledata_M700071_5ec2ab86786f7bd2.json,77fc485912f5d154d7864b59674a24e2c1cc6ed8a62230c1deb7df1cd8de52a5
M700071:23,2017-11,,0.7284,Per Cent Per Annum,2017 Nov,0.7284,145,raw/tabledata_M700071_5ec2ab86786f7bd2.json,77fc485912f5d154d7864b59674a24e2c1cc6ed8a62230c1deb7df1cd8de52a5
M700071:23,2017-12,,0.8446,Per Cent Per Annum,2017 Dec,0.8446,146,raw/tabledata_M700071_5ec2ab86786f7bd2.json,77fc485912f5d154d7864b59674a24e2c1cc6ed8a62230c1deb7df1cd8de52a5
M700071:23,2018-01,,0.6769,Per Cent Per Annum,2018 Jan,0.6769,147,raw/tabledata_M700071_5ec2ab86786f7bd2.json,77fc485912f5d154d7864b59674a24e2c1cc6ed8a62230c1deb7df1cd8de52a5
M700071:23,2018-02,,0.7711,Per Cent Per Annum,2018 Feb,0.7711,148,raw/tabledata_M700071_5ec2ab86786f7bd2.json,77fc485912f5d154d7864b59674a24e2c1cc6ed8a62230c1deb7df1cd8de52a5
M700071:23,2018-03,,0.6786,Per Cent Per Annum,2018 Mar,0.6786,149,raw/tabledata_M700071_5ec2ab86786f7bd2.json,77fc485912f5d154d7864b59674a24e2c1cc6ed8a62230c1deb7df1cd8de52a5
M700071:23,2018-04,,0.8108,Per Cent Per Annum,2018 Apr,0.8108,150,raw/tabledata_M700071_5ec2ab86786f7bd2.json,77fc485912f5d154d7864b59674a24e2c1cc6ed8a62230c1deb7df1cd8de52a5
M700071:23,2018-05,,0.8277,Per Cent Per Annum,2018 May,0.8277,151,raw/tabledata_M700071_5ec2ab86786f7bd2.json,77fc485912f5d154d7864b59674a24e2c1cc6ed8a62230c1deb7df1cd8de52a5
M700071:23,2018-06,,0.9068,Per Cent Per Annum,2018 Jun,0.9068,152,raw/tabledata_M700071_5ec2ab86786f7bd2.json,77fc485912f5d154d7864b59674a24e2c1cc6ed8a62230c1deb7df1cd8de52a5
M700071:23,2018-07,,1.0639,Per Cent Per Annum,2018 Jul,1.0639,153,raw/tabledata_M700071_5ec2ab86786f7bd2.json,77fc485912f5d154d7864b59674a24e2c1cc6ed8a62230c1deb7df1cd8de52a5
M700071:23,2018-08,,1.1723,Per Cent Per Annum,2018 Aug,1.1723,154,raw/tabledata_M700071_5ec2ab86786f7bd2.json,77fc485912f5d154d7864b59674a24e2c1cc6ed8a62230c1deb7df1cd8de52a5
M700071:23,2018-09,,1.2178,Per Cent Per Annum,2018 Sep,1.2178,155,raw/tabledata_M700071_5ec2ab86786f7bd2.json,77fc485912f5d154d7864b59674a24e2c1cc6ed8a62230c1deb7df1cd8de52a5
M700071:23,2018-10,,1.2119,Per Cent Per Annum,2018 Oct,1.2119,156,raw/tabledata_M700071_5ec2ab86786f7bd2.json,77fc485912f5d154d7864b59674a24e2c1cc6ed8a62230c1deb7df1cd8de52a5
M700071:23,2018-11,,1.2724,Per Cent Per Annum,2018 Nov,1.2724,157,raw/tabledata_M700071_5ec2ab86786f7bd2.json,77fc485912f5d154d7864b59674a24e2c1cc6ed8a62230c1deb7df1cd8de52a5
M700071:23,2018-12,,1.4639,Per Cent Per Annum,2018 Dec,1.4639,158,raw/tabledata_M700071_5ec2ab86786f7bd2.json,77fc485912f5d154d7864b59674a24e2c1cc6ed8a62230c1deb7df1cd8de52a5
M700071:23,2019-01,,1.5455,Per Cent Per Annum,2019 Jan,1.5455,159,raw/tabledata_M700071_5ec2ab86786f7bd2.json,77fc485912f5d154d7864b59674a24e2c1cc6ed8a62230c1deb7df1cd8de52a5
M700071:23,2019-02,,1.5944,Per Cent Per Annum,2019 Feb,1.5944,160,raw/tabledata_M700071_5ec2ab86786f7bd2.json,77fc485912f5d154d7864b59674a24e2c1cc6ed8a62230c1deb7df1cd8de52a5
M700071:23,2019-03,,1.5423,Per Cent Per Annum,2019 Mar,1.5423,161,raw/tabledata_M700071_5ec2ab86786f7bd2.json,77fc485912f5d154d7864b59674a24e2c1cc6ed8a62230c1deb7df1cd8de52a5
M700071:23,2019-04,,1.6249,Per Cent Per Annum,2019 Apr,1.6249,162,raw/tabledata_M700071_5ec2ab86786f7bd2.json,77fc485912f5d154d7864b59674a24e2c1cc6ed8a62230c1deb7df1cd8de52a5
M700071:23,2019-05,,1.6846,Per Cent Per Annum,2019 May,1.6846,163,raw/tabledata_M700071_5ec2ab86786f7bd2.json,77fc485912f5d154d7864b59674a24e2c1cc6ed8a62230c1deb7df1cd8de52a5
M700071:23,2019-06,,1.715,Per Cent Per Annum,2019 Jun,1.715,164,raw/tabledata_M700071_5ec2ab86786f7bd2.json,77fc485912f5d154d7864b59674a24e2c1cc6ed8a62230c1deb7df1cd8de52a5
M700071:23,2019-07,,1.6703,Per Cent Per Annum,2019 Jul,1.6703,165,raw/tabledata_M700071_5ec2ab86786f7bd2.json,77fc485912f5d154d7864b59674a24e2c1cc6ed8a62230c1deb7df1cd8de52a5
M700071:23,2019-08,,1.5875,Per Cent Per Annum,2019 Aug,1.5875,166,raw/tabledata_M700071_5ec2ab86786f7bd2.json,77fc485912f5d154d7864b59674a24e2c1cc6ed8a62230c1deb7df1cd8de52a5
M700071:23,2019-09,,1.5278,Per Cent Per Annum,2019 Sep,1.5278,167,raw/tabledata_M700071_5ec2ab86786f7bd2.json,77fc485912f5d154d7864b59674a24e2c1cc6ed8a62230c1deb7df1cd8de52a5
M700071:23,2019-10,,1.4567,Per Cent Per Annum,2019 Oct,1.4567,168,raw/tabledata_M700071_5ec2ab86786f7bd2.json,77fc485912f5d154d7864b59674a24e2c1cc6ed8a62230c1deb7df1cd8de52a5
M700071:23,2019-11,,1.3102,Per Cent Per Annum,2019 Nov,1.3102,169,raw/tabledata_M700071_5ec2ab86786f7bd2.json,77fc485912f5d154d7864b59674a24e2c1cc6ed8a62230c1deb7df1cd8de52a5
M700071:23,2019-12,,1.2636,Per Cent Per Annum,2019 Dec,1.2636,170,raw/tabledata_M700071_5ec2ab86786f7bd2.json,77fc485912f5d154d7864b59674a24e2c1cc6ed8a62230c1deb7df1cd8de52a5
M700071:23,2020-01,,1.2023,Per Cent Per Annum,2020 Jan,1.2023,171,raw/tabledata_M700071_5ec2ab86786f7bd2.json,77fc485912f5d154d7864b59674a24e2c1cc6ed8a62230c1deb7df1cd8de52a5
M700071:23,2020-02,,1.1404,Per Cent Per Annum,2020 Feb,1.1404,172,raw/tabledata_M700071_5ec2ab86786f7bd2.json,77fc485912f5d154d7864b59674a24e2c1cc6ed8a62230c1deb7df1cd8de52a5
M700071:23,2020-03,,0.8809,Per Cent Per Annum,2020 Mar,0.8809,173,raw/tabledata_M700071_5ec2ab86786f7bd2.json,77fc485912f5d154d7864b59674a24e2c1cc6ed8a62230c1deb7df1cd8de52a5
M700071:23,2020-04,,0.534,Per Cent Per Annum,2020 Apr,0.534,174,raw/tabledata_M700071_5ec2ab86786f7bd2.json,77fc485912f5d154d7864b59674a24e2c1cc6ed8a62230c1deb7df1cd8de52a5
M700071:23,2020-05,,0.2707,Per Cent Per Annum,2020 May,0.2707,175,raw/tabledata_M700071_5ec2ab86786f7bd2.json,77fc485912f5d154d7864b59674a24e2c1cc6ed8a62230c1deb7df1cd8de52a5
M700071:23,2020-06,,0.1411,Per Cent Per Annum,2020 Jun,0.1411,176,raw/tabledata_M700071_5ec2ab86786f7bd2.json,77fc485912f5d154d7864b59674a24e2c1cc6ed8a62230c1deb7df1cd8de52a5
M700071:23,2020-07,,0.0811,Per Cent Per Annum,2020 Jul,0.0811,177,raw/tabledata_M700071_5ec2ab86786f7bd2.json,77fc485912f5d154d7864b59674a24e2c1cc6ed8a62230c1deb7df1cd8de52a5
M700071:23,2020-08,,0.0985,Per Cent Per Annum,2020 Aug,0.0985,178,raw/tabledata_M700071_5ec2ab86786f7bd2.json,77fc485912f5d154d7864b59674a24e2c1cc6ed8a62230c1deb7df1cd8de52a5
M700071:23,2020-09,,0.0988,Per Cent Per Annum,2020 Sep,0.0988,179,raw/tabledata_M700071_5ec2ab86786f7bd2.json,77fc485912f5d154d7864b59674a24e2c1cc6ed8a62230c1deb7df1cd8de52a5
M700071:23,2020-10,,0.1167,Per Cent Per Annum,2020 Oct,0.1167,180,raw/tabledata_M700071_5ec2ab86786f7bd2.json,77fc485912f5d154d7864b59674a24e2c1cc6ed8a62230c1deb7df1cd8de52a5
M700071:23,2020-11,,0.116,Per Cent Per Annum,2020 Nov,0.116,181,raw/tabledata_M700071_5ec2ab86786f7bd2.json,77fc485912f5d154d7864b59674a24e2c1cc6ed8a62230c1deb7df1cd8de52a5
M700071:23,2020-12,,0.1661,Per Cent Per Annum,2020 Dec,0.1661,182,raw/tabledata_M700071_5ec2ab86786f7bd2.json,77fc485912f5d154d7864b59674a24e2c1cc6ed8a62230c1deb7df1cd8de52a5
M700071:23,2021-01,,0.1694,Per Cent Per Annum,2021 Jan,0.1694,183,raw/tabledata_M700071_5ec2ab86786f7bd2.json,77fc485912f5d154d7864b59674a24e2c1cc6ed8a62230c1deb7df1cd8de52a5
M700071:23,2021-02,,0.1996,Per Cent Per Annum,2021 Feb,0.1996,184,raw/tabledata_M700071_5ec2ab86786f7bd2.json,77fc485912f5d154d7864b59674a24e2c1cc6ed8a62230c1deb7df1cd8de52a5
M700071:23,2021-03,,0.2216,Per Cent Per Annum,2021 Mar,0.2216,185,raw/tabledata_M700071_5ec2ab86786f7bd2.json,77fc485912f5d154d7864b59674a24e2c1cc6ed8a62230c1deb7df1cd8de52a5
M700071:23,2021-04,,0.1862,Per Cent Per Annum,2021 Apr,0.1862,186,raw/tabledata_M700071_5ec2ab86786f7bd2.json,77fc485912f5d154d7864b59674a24e2c1cc6ed8a62230c1deb7df1cd8de52a5
M700071:23,2021-05,,0.1679,Per Cent Per Annum,2021 May,0.1679,187,raw/tabledata_M700071_5ec2ab86786f7bd2.json,77fc485912f5d154d7864b59674a24e2c1cc6ed8a62230c1deb7df1cd8de52a5
M700071:23,2021-06,,0.1326,Per Cent Per Annum,2021 Jun,0.1326,188,raw/tabledata_M700071_5ec2ab86786f7bd2.json,77fc485912f5d154d7864b59674a24e2c1cc6ed8a62230c1deb7df1cd8de52a5
M700071:23,2021-07,,0.1321,Per Cent Per Annum,2021 Jul,0.1321,189,raw/tabledata_M700071_5ec2ab86786f7bd2.json,77fc485912f5d154d7864b59674a24e2c1cc6ed8a62230c1deb7df1cd8de52a5
M700071:23,2021-08,,0.13,Per Cent Per Annum,2021 Aug,0.13,190,raw/tabledata_M700071_5ec2ab86786f7bd2.json,77fc485912f5d154d7864b59674a24e2c1cc6ed8a62230c1deb7df1cd8de52a5
M700071:23,2021-09,,0.1306,Per Cent Per Annum,2021 Sep,0.1306,191,raw/tabledata_M700071_5ec2ab86786f7bd2.json,77fc485912f5d154d7864b59674a24e2c1cc6ed8a62230c1deb7df1cd8de52a5
M700071:23,2021-10,,0.1555,Per Cent Per Annum,2021 Oct,0.1555,192,raw/tabledata_M700071_5ec2ab86786f7bd2.json,77fc485912f5d154d7864b59674a24e2c1cc6ed8a62230c1deb7df1cd8de52a5
M700071:23,2021-11,,0.1579,Per Cent Per Annum,2021 Nov,0.1579,193,raw/tabledata_M700071_5ec2ab86786f7bd2.json,77fc485912f5d154d7864b59674a24e2c1cc6ed8a62230c1deb7df1cd8de52a5
M700071:23,2021-12,,0.1943,Per Cent Per Annum,2021 Dec,0.1943,194,raw/tabledata_M700071_5ec2ab86786f7bd2.json,77fc485912f5d154d7864b59674a24e2c1cc6ed8a62230c1deb7df1cd8de52a5
M700071:23,2022-01,,0.2065,Per Cent Per Annum,2022 Jan,0.2065,195,raw/tabledata_M700071_5ec2ab86786f7bd2.json,77fc485912f5d154d7864b59674a24e2c1cc6ed8a62230c1deb7df1cd8de52a5
M700071:23,2022-02,,0.2504,Per Cent Per Annum,2022 Feb,0.2504,196,raw/tabledata_M700071_5ec2ab86786f7bd2.json,77fc485912f5d154d7864b59674a24e2c1cc6ed8a62230c1deb7df1cd8de52a5
M700071:23,2022-03,,0.276,Per Cent Per Annum,2022 Mar,0.276,197,raw/tabledata_M700071_5ec2ab86786f7bd2.json,77fc485912f5d154d7864b59674a24e2c1cc6ed8a62230c1deb7df1cd8de52a5
M700071:23,2022-04,,0.3227,Per Cent Per Annum,2022 Apr,0.3227,198,raw/tabledata_M700071_5ec2ab86786f7bd2.json,77fc485912f5d154d7864b59674a24e2c1cc6ed8a62230c1deb7df1cd8de52a5
M700071:23,2022-05,,0.5263,Per Cent Per Annum,2022 May,0.5263,199,raw/tabledata_M700071_5ec2ab86786f7bd2.json,77fc485912f5d154d7864b59674a24e2c1cc6ed8a62230c1deb7df1cd8de52a5
M700071:23,2022-06,,0.772,Per Cent Per Annum,2022 Jun,0.772,200,raw/tabledata_M700071_5ec2ab86786f7bd2.json,77fc485912f5d154d7864b59674a24e2c1cc6ed8a62230c1deb7df1cd8de52a5
M700071:23,2022-07,,1.2712,Per Cent Per Annum,2022 Jul,1.2712,201,raw/tabledata_M700071_5ec2ab86786f7bd2.json,77fc485912f5d154d7864b59674a24e2c1cc6ed8a62230c1deb7df1cd8de52a5
M700071:23,2022-08,,1.5967,Per Cent Per Annum,2022 Aug,1.5967,202,raw/tabledata_M700071_5ec2ab86786f7bd2.json,77fc485912f5d154d7864b59674a24e2c1cc6ed8a62230c1deb7df1cd8de52a5
M700071:23,2022-09,,2.0655,Per Cent Per Annum,2022 Sep,2.0655,203,raw/tabledata_M700071_5ec2ab86786f7bd2.json,77fc485912f5d154d7864b59674a24e2c1cc6ed8a62230c1deb7df1cd8de52a5
M700071:23,2022-10,,2.4613,Per Cent Per Annum,2022 Oct,2.4613,204,raw/tabledata_M700071_5ec2ab86786f7bd2.json,77fc485912f5d154d7864b59674a24e2c1cc6ed8a62230c1deb7df1cd8de52a5
M700071:23,2022-11,,2.9243,Per Cent Per Annum,2022 Nov,2.9243,205,raw/tabledata_M700071_5ec2ab86786f7bd2.json,77fc485912f5d154d7864b59674a24e2c1cc6ed8a62230c1deb7df1cd8de52a5
M700071:23,2022-12,,3.0294,Per Cent Per Annum,2022 Dec,3.0294,206,raw/tabledata_M700071_5ec2ab86786f7bd2.json,77fc485912f5d154d7864b59674a24e2c1cc6ed8a62230c1deb7df1cd8de52a5
M700071:23,2023-01,,3.1419,Per Cent Per Annum,2023 Jan,3.1419,207,raw/tabledata_M700071_5ec2ab86786f7bd2.json,77fc485912f5d154d7864b59674a24e2c1cc6ed8a62230c1deb7df1cd8de52a5
M700071:23,2023-02,,3.2206,Per Cent Per Annum,2023 Feb,3.2206,208,raw/tabledata_M700071_5ec2ab86786f7bd2.json,77fc485912f5d154d7864b59674a24e2c1cc6ed8a62230c1deb7df1cd8de52a5
M700071:23,2023-03,,3.5775,Per Cent Per Annum,2023 Mar,3.5775,209,raw/tabledata_M700071_5ec2ab86786f7bd2.json,77fc485912f5d154d7864b59674a24e2c1cc6ed8a62230c1deb7df1cd8de52a5
M700071:23,2023-04,,3.6057,Per Cent Per Annum,2023 Apr,3.6057,210,raw/tabledata_M700071_5ec2ab86786f7bd2.json,77fc485912f5d154d7864b59674a24e2c1cc6ed8a62230c1deb7df1cd8de52a5
M700071:23,2023-05,,3.6241,Per Cent Per Annum,2023 May,3.6241,211,raw/tabledata_M700071_5ec2ab86786f7bd2.json,77fc485912f5d154d7864b59674a24e2c1cc6ed8a62230c1deb7df1cd8de52a5
M700071:23,2023-06,,3.6549,Per Cent Per Annum,2023 Jun,3.6549,212,raw/tabledata_M700071_5ec2ab86786f7bd2.json,77fc485912f5d154d7864b59674a24e2c1cc6ed8a62230c1deb7df1cd8de52a5
M700071:23,2023-07,,3.6748,Per Cent Per Annum,2023 Jul,3.6748,213,raw/tabledata_M700071_5ec2ab86786f7bd2.json,77fc485912f5d154d7864b59674a24e2c1cc6ed8a62230c1deb7df1cd8de52a5
M700071:23,2023-08,,3.6964,Per Cent Per Annum,2023 Aug,3.6964,214,raw/tabledata_M700071_5ec2ab86786f7bd2.json,77fc485912f5d154d7864b59674a24e2c1cc6ed8a62230c1deb7df1cd8de52a5
M700071:23,2023-09,,3.7017,Per Cent Per Annum,2023 Sep,3.7017,215,raw/tabledata_M700071_5ec2ab86786f7bd2.json,77fc485912f5d154d7864b59674a24e2c1cc6ed8a62230c1deb7df1cd8de52a5
M700071:23,2023-10,,3.7527,Per Cent Per Annum,2023 Oct,3.7527,216,raw/tabledata_M700071_5ec2ab86786f7bd2.json,77fc485912f5d154d7864b59674a24e2c1cc6ed8a62230c1deb7df1cd8de52a5
M700071:23,2023-11,,3.7464,Per Cent Per Annum,2023 Nov,3.7464,217,raw/tabledata_M700071_5ec2ab86786f7bd2.json,77fc485912f5d154d7864b59674a24e2c1cc6ed8a62230c1deb7df1cd8de52a5
M700071:23,2023-12,,3.7018,Per Cent Per Annum,2023 Dec,3.7018,218,raw/tabledata_M700071_5ec2ab86786f7bd2.json,77fc485912f5d154d7864b59674a24e2c1cc6ed8a62230c1deb7df1cd8de52a5
M700071:23,2024-01,,3.6548,Per Cent Per Annum,2024 Jan,3.6548,219,raw/tabledata_M700071_5ec2ab86786f7bd2.json,77fc485912f5d154d7864b59674a24e2c1cc6ed8a62230c1deb7df1cd8de52a5
M700071:23,2024-02,,3.6488,Per Cent Per Annum,2024 Feb,3.6488,220,raw/tabledata_M700071_5ec2ab86786f7bd2.json,77fc485912f5d154d7864b59674a24e2c1cc6ed8a62230c1deb7df1cd8de52a5
M700071:23,2024-03,,3.6829,Per Cent Per Annum,2024 Mar,3.6829,221,raw/tabledata_M700071_5ec2ab86786f7bd2.json,77fc485912f5d154d7864b59674a24e2c1cc6ed8a62230c1deb7df1cd8de52a5
M700071:23,2024-04,,3.6491,Per Cent Per Annum,2024 Apr,3.6491,222,raw/tabledata_M700071_5ec2ab86786f7bd2.json,77fc485912f5d154d7864b59674a24e2c1cc6ed8a62230c1deb7df1cd8de52a5
M700071:23,2024-05,,3.6597,Per Cent Per Annum,2024 May,3.6597,223,raw/tabledata_M700071_5ec2ab86786f7bd2.json,77fc485912f5d154d7864b59674a24e2c1cc6ed8a62230c1deb7df1cd8de52a5
M700071:23,2024-06,,3.6336,Per Cent Per Annum,2024 Jun,3.6336,224,raw/tabledata_M700071_5ec2ab86786f7bd2.json,77fc485912f5d154d7864b59674a24e2c1cc6ed8a62230c1deb7df1cd8de52a5
M700071:23,2024-07,,3.6381,Per Cent Per Annum,2024 Jul,3.6381,225,raw/tabledata_M700071_5ec2ab86786f7bd2.json,77fc485912f5d154d7864b59674a24e2c1cc6ed8a62230c1deb7df1cd8de52a5
M700071:23,2024-08,,3.5694,Per Cent Per Annum,2024 Aug,3.5694,226,raw/tabledata_M700071_5ec2ab86786f7bd2.json,77fc485912f5d154d7864b59674a24e2c1cc6ed8a62230c1deb7df1cd8de52a5
M700071:23,2024-09,,3.4932,Per Cent Per Annum,2024 Sep,3.4932,227,raw/tabledata_M700071_5ec2ab86786f7bd2.json,77fc485912f5d154d7864b59674a24e2c1cc6ed8a62230c1deb7df1cd8de52a5
M700071:23,2024-10,,3.3769,Per Cent Per Annum,2024 Oct,3.3769,228,raw/tabledata_M700071_5ec2ab86786f7bd2.json,77fc485912f5d154d7864b59674a24e2c1cc6ed8a62230c1deb7df1cd8de52a5
M700071:23,2024-11,,3.2147,Per Cent Per Annum,2024 Nov,3.2147,229,raw/tabledata_M700071_5ec2ab86786f7bd2.json,77fc485912f5d154d7864b59674a24e2c1cc6ed8a62230c1deb7df1cd8de52a5
M700071:23,2024-12,,3.0346,Per Cent Per Annum,2024 Dec,3.0346,230,raw/tabledata_M700071_5ec2ab86786f7bd2.json,77fc485912f5d154d7864b59674a24e2c1cc6ed8a62230c1deb7df1cd8de52a5
M700071:23,2025-01,,2.8993,Per Cent Per Annum,2025 Jan,2.8993,231,raw/tabledata_M700071_5ec2ab86786f7bd2.json,77fc485912f5d154d7864b59674a24e2c1cc6ed8a62230c1deb7df1cd8de52a5
M700071:23,2025-02,,2.7291,Per Cent Per Annum,2025 Feb,2.7291,232,raw/tabledata_M700071_5ec2ab86786f7bd2.json,77fc485912f5d154d7864b59674a24e2c1cc6ed8a62230c1deb7df1cd8de52a5
M700071:23,2025-03,,2.5507,Per Cent Per Annum,2025 Mar,2.5507,233,raw/tabledata_M700071_5ec2ab86786f7bd2.json,77fc485912f5d154d7864b59674a24e2c1cc6ed8a62230c1deb7df1cd8de52a5
M700071:23,2025-04,,2.3587,Per Cent Per Annum,2025 Apr,2.3587,234,raw/tabledata_M700071_5ec2ab86786f7bd2.json,77fc485912f5d154d7864b59674a24e2c1cc6ed8a62230c1deb7df1cd8de52a5
M700071:23,2025-05,,2.2692,Per Cent Per Annum,2025 May,2.2692,235,raw/tabledata_M700071_5ec2ab86786f7bd2.json,77fc485912f5d154d7864b59674a24e2c1cc6ed8a62230c1deb7df1cd8de52a5
M700071:23,2025-06,,2.0533,Per Cent Per Annum,2025 Jun,2.0533,236,raw/tabledata_M700071_5ec2ab86786f7bd2.json,77fc485912f5d154d7864b59674a24e2c1cc6ed8a62230c1deb7df1cd8de52a5
M700071:23,2025-07,,1.845,Per Cent Per Annum,2025 Jul,1.845,237,raw/tabledata_M700071_5ec2ab86786f7bd2.json,77fc485912f5d154d7864b59674a24e2c1cc6ed8a62230c1deb7df1cd8de52a5
M700071:23,2025-08,,1.5638,Per Cent Per Annum,2025 Aug,1.5638,238,raw/tabledata_M700071_5ec2ab86786f7bd2.json,77fc485912f5d154d7864b59674a24e2c1cc6ed8a62230c1deb7df1cd8de52a5
M700071:23,2025-09,,1.4532,Per Cent Per Annum,2025 Sep,1.4532,239,raw/tabledata_M700071_5ec2ab86786f7bd2.json,77fc485912f5d154d7864b59674a24e2c1cc6ed8a62230c1deb7df1cd8de52a5
M700071:23,2025-10,,1.3203,Per Cent Per Annum,2025 Oct,1.3203,240,raw/tabledata_M700071_5ec2ab86786f7bd2.json,77fc485912f5d154d7864b59674a24e2c1cc6ed8a62230c1deb7df1cd8de52a5
M700071:23,2025-11,,1.253,Per Cent Per Annum,2025 Nov,1.253,241,raw/tabledata_M700071_5ec2ab86786f7bd2.json,77fc485912f5d154d7864b59674a24e2c1cc6ed8a62230c1deb7df1cd8de52a5
M700071:23,2025-12,,1.1857,Per Cent Per Annum,2025 Dec,1.1857,242,raw/tabledata_M700071_5ec2ab86786f7bd2.json,77fc485912f5d154d7864b59674a24e2c1cc6ed8a62230c1deb7df1cd8de52a5
M700071:23,2026-01,,1.1502,Per Cent Per Annum,2026 Jan,1.1502,243,raw/tabledata_M700071_5ec2ab86786f7bd2.json,77fc485912f5d154d7864b59674a24e2c1cc6ed8a62230c1deb7df1cd8de52a5
M700071:23,2026-02,,1.1219,Per Cent Per Annum,2026 Feb,1.1219,244,raw/tabledata_M700071_5ec2ab86786f7bd2.json,77fc485912f5d154d7864b59674a24e2c1cc6ed8a62230c1deb7df1cd8de52a5
M700071:23,2026-03,,1.0708,Per Cent Per Annum,2026 Mar,1.0708,245,raw/tabledata_M700071_5ec2ab86786f7bd2.json,77fc485912f5d154d7864b59674a24e2c1cc6ed8a62230c1deb7df1cd8de52a5
M700071:23,2026-04,,1.0298,Per Cent Per Annum,2026 Apr,1.0298,246,raw/tabledata_M700071_5ec2ab86786f7bd2.json,77fc485912f5d154d7864b59674a24e2c1cc6ed8a62230c1deb7df1cd8de52a5
M700071:23,2026-05,,1.0564,Per Cent Per Annum,2026 May,1.0564,247,raw/tabledata_M700071_5ec2ab86786f7bd2.json,77fc485912f5d154d7864b59674a24e2c1cc6ed8a62230c1deb7df1cd8de52a5
M700071:23,2026-06,,1.0825,Per Cent Per Annum,2026 Jun,1.0825,248,raw/tabledata_M700071_5ec2ab86786f7bd2.json,77fc485912f5d154d7864b59674a24e2c1cc6ed8a62230c1deb7df1cd8de52a5
M700071:23,2026-07,,1.1354,Per Cent Per Annum,2026 Jul,1.1354,249,raw/tabledata_M700071_5ec2ab86786f7bd2.json,77fc485912f5d154d7864b59674a24e2c1cc6ed8a62230c1deb7df1cd8de52a5
M700071:23,2026-08,,1.1863,Per Cent Per Annum,2026 Aug,1.1863,250,raw/tabledata_M700071_5ec2ab86786f7bd2.json,77fc485912f5d154d7864b59674a24e2c1cc6ed8a62230c1deb7df1cd8de52a5
M701091:1.2.1,2021-07,,208689.3,Million Dollars,2021 Jul,208689.3,0,raw/tabledata_M701091_11d6417c6fe41133.json,f807742a147f6371df8587149a337395147ca3ff82d44ba00992dd4d8aba68f1
M701091:1.2.1,2021-08,,209864.4,Million Dollars,2021 Aug,209864.4,1,raw/tabledata_M701091_11d6417c6fe41133.json,f807742a147f6371df8587149a337395147ca3ff82d44ba00992dd4d8aba68f1
M701091:1.2.1,2021-09,,211188.6,Million Dollars,2021 Sep,211188.6,2,raw/tabledata_M701091_11d6417c6fe41133.json,f807742a147f6371df8587149a337395147ca3ff82d44ba00992dd4d8aba68f1
M701091:1.2.1,2021-10,,212234.2,Million Dollars,2021 Oct,212234.2,3,raw/tabledata_M701091_11d6417c6fe41133.json,f807742a147f6371df8587149a337395147ca3ff82d44ba00992dd4d8aba68f1
M701091:1.2.1,2021-11,,213503.6,Million Dollars,2021 Nov,213503.6,4,raw/tabledata_M701091_11d6417c6fe41133.json,f807742a147f6371df8587149a337395147ca3ff82d44ba00992dd4d8aba68f1
M701091:1.2.1,2021-12,,214799.8,Million Dollars,2021 Dec,214799.8,5,raw/tabledata_M701091_11d6417c6fe41133.json,f807742a147f6371df8587149a337395147ca3ff82d44ba00992dd4d8aba68f1
M701091:1.2.1,2022-01,,215681.7,Million Dollars,2022 Jan,215681.7,6,raw/tabledata_M701091_11d6417c6fe41133.json,f807742a147f6371df8587149a337395147ca3ff82d44ba00992dd4d8aba68f1
M701091:1.2.1,2022-02,,216689.5,Million Dollars,2022 Feb,216689.5,7,raw/tabledata_M701091_11d6417c6fe41133.json,f807742a147f6371df8587149a337395147ca3ff82d44ba00992dd4d8aba68f1
M701091:1.2.1,2022-03,,217321.0,Million Dollars,2022 Mar,217321,8,raw/tabledata_M701091_11d6417c6fe41133.json,f807742a147f6371df8587149a337395147ca3ff82d44ba00992dd4d8aba68f1
M701091:1.2.1,2022-04,,217996.5,Million Dollars,2022 Apr,217996.5,9,raw/tabledata_M701091_11d6417c6fe41133.json,f807742a147f6371df8587149a337395147ca3ff82d44ba00992dd4d8aba68f1
M701091:1.2.1,2022-05,,219021.5,Million Dollars,2022 May,219021.5,10,raw/tabledata_M701091_11d6417c6fe41133.json,f807742a147f6371df8587149a337395147ca3ff82d44ba00992dd4d8aba68f1
M701091:1.2.1,2022-06,,219939.5,Million Dollars,2022 Jun,219939.5,11,raw/tabledata_M701091_11d6417c6fe41133.json,f807742a147f6371df8587149a337395147ca3ff82d44ba00992dd4d8aba68f1
M701091:1.2.1,2022-07,,220513.8,Million Dollars,2022 Jul,220513.8,12,raw/tabledata_M701091_11d6417c6fe41133.json,f807742a147f6371df8587149a337395147ca3ff82d44ba00992dd4d8aba68f1
M701091:1.2.1,2022-08,,221015.0,Million Dollars,2022 Aug,221015,13,raw/tabledata_M701091_11d6417c6fe41133.json,f807742a147f6371df8587149a337395147ca3ff82d44ba00992dd4d8aba68f1
M701091:1.2.1,2022-09,,221310.2,Million Dollars,2022 Sep,221310.2,14,raw/tabledata_M701091_11d6417c6fe41133.json,f807742a147f6371df8587149a337395147ca3ff82d44ba00992dd4d8aba68f1
M701091:1.2.1,2022-10,,221843.0,Million Dollars,2022 Oct,221843,15,raw/tabledata_M701091_11d6417c6fe41133.json,f807742a147f6371df8587149a337395147ca3ff82d44ba00992dd4d8aba68f1
M701091:1.2.1,2022-11,,221980.8,Million Dollars,2022 Nov,221980.8,16,raw/tabledata_M701091_11d6417c6fe41133.json,f807742a147f6371df8587149a337395147ca3ff82d44ba00992dd4d8aba68f1
M701091:1.2.1,2022-12,,222540.7,Million Dollars,2022 Dec,222540.7,17,raw/tabledata_M701091_11d6417c6fe41133.json,f807742a147f6371df8587149a337395147ca3ff82d44ba00992dd4d8aba68f1
M701091:1.2.1,2023-01,,222757.8,Million Dollars,2023 Jan,222757.8,18,raw/tabledata_M701091_11d6417c6fe41133.json,f807742a147f6371df8587149a337395147ca3ff82d44ba00992dd4d8aba68f1
M701091:1.2.1,2023-02,,222257.4,Million Dollars,2023 Feb,222257.4,19,raw/tabledata_M701091_11d6417c6fe41133.json,f807742a147f6371df8587149a337395147ca3ff82d44ba00992dd4d8aba68f1
M701091:1.2.1,2023-03,,221962.1,Million Dollars,2023 Mar,221962.1,20,raw/tabledata_M701091_11d6417c6fe41133.json,f807742a147f6371df8587149a337395147ca3ff82d44ba00992dd4d8aba68f1
M701091:1.2.1,2023-04,,221908.9,Million Dollars,2023 Apr,221908.9,21,raw/tabledata_M701091_11d6417c6fe41133.json,f807742a147f6371df8587149a337395147ca3ff82d44ba00992dd4d8aba68f1
M701091:1.2.1,2023-05,,222204.9,Million Dollars,2023 May,222204.9,22,raw/tabledata_M701091_11d6417c6fe41133.json,f807742a147f6371df8587149a337395147ca3ff82d44ba00992dd4d8aba68f1
M701091:1.2.1,2023-06,,222517.5,Million Dollars,2023 Jun,222517.5,23,raw/tabledata_M701091_11d6417c6fe41133.json,f807742a147f6371df8587149a337395147ca3ff82d44ba00992dd4d8aba68f1
M701091:1.2.1,2023-07,,222901.5,Million Dollars,2023 Jul,222901.5,24,raw/tabledata_M701091_11d6417c6fe41133.json,f807742a147f6371df8587149a337395147ca3ff82d44ba00992dd4d8aba68f1
M701091:1.2.1,2023-08,,223336.8,Million Dollars,2023 Aug,223336.8,25,raw/tabledata_M701091_11d6417c6fe41133.json,f807742a147f6371df8587149a337395147ca3ff82d44ba00992dd4d8aba68f1
M701091:1.2.1,2023-09,,223720.0,Million Dollars,2023 Sep,223720,26,raw/tabledata_M701091_11d6417c6fe41133.json,f807742a147f6371df8587149a337395147ca3ff82d44ba00992dd4d8aba68f1
M701091:1.2.1,2023-10,,224357.4,Million Dollars,2023 Oct,224357.4,27,raw/tabledata_M701091_11d6417c6fe41133.json,f807742a147f6371df8587149a337395147ca3ff82d44ba00992dd4d8aba68f1
M701091:1.2.1,2023-11,,225126.2,Million Dollars,2023 Nov,225126.2,28,raw/tabledata_M701091_11d6417c6fe41133.json,f807742a147f6371df8587149a337395147ca3ff82d44ba00992dd4d8aba68f1
M701091:1.2.1,2023-12,,225514.4,Million Dollars,2023 Dec,225514.4,29,raw/tabledata_M701091_11d6417c6fe41133.json,f807742a147f6371df8587149a337395147ca3ff82d44ba00992dd4d8aba68f1
M701091:1.2.1,2024-01,,225734.8,Million Dollars,2024 Jan,225734.8,30,raw/tabledata_M701091_11d6417c6fe41133.json,f807742a147f6371df8587149a337395147ca3ff82d44ba00992dd4d8aba68f1
M701091:1.2.1,2024-02,,225410.5,Million Dollars,2024 Feb,225410.5,31,raw/tabledata_M701091_11d6417c6fe41133.json,f807742a147f6371df8587149a337395147ca3ff82d44ba00992dd4d8aba68f1
M701091:1.2.1,2024-03,,225058.4,Million Dollars,2024 Mar,225058.4,32,raw/tabledata_M701091_11d6417c6fe41133.json,f807742a147f6371df8587149a337395147ca3ff82d44ba00992dd4d8aba68f1
M701091:1.2.1,2024-04,,224825.5,Million Dollars,2024 Apr,224825.5,33,raw/tabledata_M701091_11d6417c6fe41133.json,f807742a147f6371df8587149a337395147ca3ff82d44ba00992dd4d8aba68f1
M701091:1.2.1,2024-05,,224922.7,Million Dollars,2024 May,224922.7,34,raw/tabledata_M701091_11d6417c6fe41133.json,f807742a147f6371df8587149a337395147ca3ff82d44ba00992dd4d8aba68f1
M701091:1.2.1,2024-06,,225716.8,Million Dollars,2024 Jun,225716.8,35,raw/tabledata_M701091_11d6417c6fe41133.json,f807742a147f6371df8587149a337395147ca3ff82d44ba00992dd4d8aba68f1
M701091:1.2.1,2024-07,,226924.2,Million Dollars,2024 Jul,226924.2,36,raw/tabledata_M701091_11d6417c6fe41133.json,f807742a147f6371df8587149a337395147ca3ff82d44ba00992dd4d8aba68f1
M701091:1.2.1,2024-08,,228492.8,Million Dollars,2024 Aug,228492.8,37,raw/tabledata_M701091_11d6417c6fe41133.json,f807742a147f6371df8587149a337395147ca3ff82d44ba00992dd4d8aba68f1
M701091:1.2.1,2024-09,,229352.6,Million Dollars,2024 Sep,229352.6,38,raw/tabledata_M701091_11d6417c6fe41133.json,f807742a147f6371df8587149a337395147ca3ff82d44ba00992dd4d8aba68f1
M701091:1.2.1,2024-10,,230152.2,Million Dollars,2024 Oct,230152.2,39,raw/tabledata_M701091_11d6417c6fe41133.json,f807742a147f6371df8587149a337395147ca3ff82d44ba00992dd4d8aba68f1
M701091:1.2.1,2024-11,,231046.0,Million Dollars,2024 Nov,231046,40,raw/tabledata_M701091_11d6417c6fe41133.json,f807742a147f6371df8587149a337395147ca3ff82d44ba00992dd4d8aba68f1
M701091:1.2.1,2024-12,,231727.5,Million Dollars,2024 Dec,231727.5,41,raw/tabledata_M701091_11d6417c6fe41133.json,f807742a147f6371df8587149a337395147ca3ff82d44ba00992dd4d8aba68f1
M701091:1.2.1,2025-01,,232246.6,Million Dollars,2025 Jan,232246.6,42,raw/tabledata_M701091_11d6417c6fe41133.json,f807742a147f6371df8587149a337395147ca3ff82d44ba00992dd4d8aba68f1
M701091:1.2.1,2025-02,,233042.8,Million Dollars,2025 Feb,233042.8,43,raw/tabledata_M701091_11d6417c6fe41133.json,f807742a147f6371df8587149a337395147ca3ff82d44ba00992dd4d8aba68f1
M701091:1.2.1,2025-03,,233618.9,Million Dollars,2025 Mar,233618.9,44,raw/tabledata_M701091_11d6417c6fe41133.json,f807742a147f6371df8587149a337395147ca3ff82d44ba00992dd4d8aba68f1
M701091:1.2.1,2025-04,,234510.0,Million Dollars,2025 Apr,234510,45,raw/tabledata_M701091_11d6417c6fe41133.json,f807742a147f6371df8587149a337395147ca3ff82d44ba00992dd4d8aba68f1
M701091:1.2.1,2025-05,,235744.4,Million Dollars,2025 May,235744.4,46,raw/tabledata_M701091_11d6417c6fe41133.json,f807742a147f6371df8587149a337395147ca3ff82d44ba00992dd4d8aba68f1
M701091:1.2.1,2025-06,,237173.9,Million Dollars,2025 Jun,237173.9,47,raw/tabledata_M701091_11d6417c6fe41133.json,f807742a147f6371df8587149a337395147ca3ff82d44ba00992dd4d8aba68f1
M701091:1.2.1,2025-07,,238108.3,Million Dollars,2025 Jul,238108.3,48,raw/tabledata_M701091_11d6417c6fe41133.json,f807742a147f6371df8587149a337395147ca3ff82d44ba00992dd4d8aba68f1
M701091:1.2.1,2025-08,,239152.3,Million Dollars,2025 Aug,239152.3,49,raw/tabledata_M701091_11d6417c6fe41133.json,f807742a147f6371df8587149a337395147ca3ff82d44ba00992dd4d8aba68f1
M701091:1.2.1,2025-09,,239953.5,Million Dollars,2025 Sep,239953.5,50,raw/tabledata_M701091_11d6417c6fe41133.json,f807742a147f6371df8587149a337395147ca3ff82d44ba00992dd4d8aba68f1
M701091:1.2.1,2025-10,,241406.6,Million Dollars,2025 Oct,241406.6,51,raw/tabledata_M701091_11d6417c6fe41133.json,f807742a147f6371df8587149a337395147ca3ff82d44ba00992dd4d8aba68f1
M701091:1.2.1,2025-11,,242555.6,Million Dollars,2025 Nov,242555.6,52,raw/tabledata_M701091_11d6417c6fe41133.json,f807742a147f6371df8587149a337395147ca3ff82d44ba00992dd4d8aba68f1
M701091:1.2.1,2025-12,,244057.1,Million Dollars,2025 Dec,244057.1,53,raw/tabledata_M701091_11d6417c6fe41133.json,f807742a147f6371df8587149a337395147ca3ff82d44ba00992dd4d8aba68f1
M701091:1.2.1,2026-01,,245560.3,Million Dollars,2026 Jan,245560.3,54,raw/tabledata_M701091_11d6417c6fe41133.json,f807742a147f6371df8587149a337395147ca3ff82d44ba00992dd4d8aba68f1
M701091:1.2.1,2026-02,,246836.5,Million Dollars,2026 Feb,246836.5,55,raw/tabledata_M701091_11d6417c6fe41133.json,f807742a147f6371df8587149a337395147ca3ff82d44ba00992dd4d8aba68f1
M701091:1.2.1,2026-03,,248302.8,Million Dollars,2026 Mar,248302.8,56,raw/tabledata_M701091_11d6417c6fe41133.json,f807742a147f6371df8587149a337395147ca3ff82d44ba00992dd4d8aba68f1
M701091:1.2.1,2026-04,,249877.7,Million Dollars,2026 Apr,249877.7,57,raw/tabledata_M701091_11d6417c6fe41133.json,f807742a147f6371df8587149a337395147ca3ff82d44ba00992dd4d8aba68f1
M701091:1.2.1,2026-05,,251354.8,Million Dollars,2026 May,251354.8,58,raw/tabledata_M701091_11d6417c6fe41133.json,f807742a147f6371df8587149a337395147ca3ff82d44ba00992dd4d8aba68f1
M701091:1.2.1,2026-06,,252834.7,Million Dollars,2026 Jun,252834.7,59,raw/tabledata_M701091_11d6417c6fe41133.json,f807742a147f6371df8587149a337395147ca3ff82d44ba00992dd4d8aba68f1
M701091:1.2.1,2026-07,,254673.3,Million Dollars,2026 Jul,254673.3,60,raw/tabledata_M701091_11d6417c6fe41133.json,f807742a147f6371df8587149a337395147ca3ff82d44ba00992dd4d8aba68f1
M701091:1.2.1,2026-08,,256563.5,Million Dollars,2026 Aug,256563.5,61,raw/tabledata_M701091_11d6417c6fe41133.json,f807742a147f6371df8587149a337395147ca3ff82d44ba00992dd4d8aba68f1
M400841:1,1988-Q1,,49934.0,Number Of Units,1988 1Q,49934,0,raw/tabledata_M400841_9cbe20a8bfdb6540.json,97273c9aeaac6810ccb00fb908640d6623ac5cb583e99dd8426cc162018bc94e
M400841:1,1988-Q2,,50320.0,Number Of Units,1988 2Q,50320,1,raw/tabledata_M400841_9cbe20a8bfdb6540.json,97273c9aeaac6810ccb00fb908640d6623ac5cb583e99dd8426cc162018bc94e
M400841:1,1988-Q3,,50630.0,Number Of Units,1988 3Q,50630,2,raw/tabledata_M400841_9cbe20a8bfdb6540.json,97273c9aeaac6810ccb00fb908640d6623ac5cb583e99dd8426cc162018bc94e
M400841:1,1988-Q4,,51310.0,Number Of Units,1988 4Q,51310,3,raw/tabledata_M400841_9cbe20a8bfdb6540.json,97273c9aeaac6810ccb00fb908640d6623ac5cb583e99dd8426cc162018bc94e
M400841:1,1989-Q1,,51903.0,Number Of Units,1989 1Q,51903,4,raw/tabledata_M400841_9cbe20a8bfdb6540.json,97273c9aeaac6810ccb00fb908640d6623ac5cb583e99dd8426cc162018bc94e
M400841:1,1989-Q2,,52604.0,Number Of Units,1989 2Q,52604,5,raw/tabledata_M400841_9cbe20a8bfdb6540.json,97273c9aeaac6810ccb00fb908640d6623ac5cb583e99dd8426cc162018bc94e
M400841:1,1989-Q3,,53485.0,Number Of Units,1989 3Q,53485,6,raw/tabledata_M400841_9cbe20a8bfdb6540.json,97273c9aeaac6810ccb00fb908640d6623ac5cb583e99dd8426cc162018bc94e
M400841:1,1989-Q4,,54448.0,Number Of Units,1989 4Q,54448,7,raw/tabledata_M400841_9cbe20a8bfdb6540.json,97273c9aeaac6810ccb00fb908640d6623ac5cb583e99dd8426cc162018bc94e
M400841:1,1990-Q1,,55414.0,Number Of Units,1990 1Q,55414,8,raw/tabledata_M400841_9cbe20a8bfdb6540.json,97273c9aeaac6810ccb00fb908640d6623ac5cb583e99dd8426cc162018bc94e
M400841:1,1990-Q2,,56329.0,Number Of Units,1990 2Q,56329,9,raw/tabledata_M400841_9cbe20a8bfdb6540.json,97273c9aeaac6810ccb00fb908640d6623ac5cb583e99dd8426cc162018bc94e
M400841:1,1990-Q3,,57181.0,Number Of Units,1990 3Q,57181,10,raw/tabledata_M400841_9cbe20a8bfdb6540.json,97273c9aeaac6810ccb00fb908640d6623ac5cb583e99dd8426cc162018bc94e
M400841:1,1990-Q4,,58157.0,Number Of Units,1990 4Q,58157,11,raw/tabledata_M400841_9cbe20a8bfdb6540.json,97273c9aeaac6810ccb00fb908640d6623ac5cb583e99dd8426cc162018bc94e
M400841:1,1991-Q1,,59224.0,Number Of Units,1991 1Q,59224,12,raw/tabledata_M400841_9cbe20a8bfdb6540.json,97273c9aeaac6810ccb00fb908640d6623ac5cb583e99dd8426cc162018bc94e
M400841:1,1991-Q2,,60072.0,Number Of Units,1991 2Q,60072,13,raw/tabledata_M400841_9cbe20a8bfdb6540.json,97273c9aeaac6810ccb00fb908640d6623ac5cb583e99dd8426cc162018bc94e
M400841:1,1991-Q3,,61219.0,Number Of Units,1991 3Q,61219,14,raw/tabledata_M400841_9cbe20a8bfdb6540.json,97273c9aeaac6810ccb00fb908640d6623ac5cb583e99dd8426cc162018bc94e
M400841:1,1991-Q4,,61948.0,Number Of Units,1991 4Q,61948,15,raw/tabledata_M400841_9cbe20a8bfdb6540.json,97273c9aeaac6810ccb00fb908640d6623ac5cb583e99dd8426cc162018bc94e
M400841:1,1992-Q1,,62993.0,Number Of Units,1992 1Q,62993,16,raw/tabledata_M400841_9cbe20a8bfdb6540.json,97273c9aeaac6810ccb00fb908640d6623ac5cb583e99dd8426cc162018bc94e
M400841:1,1992-Q2,,63791.0,Number Of Units,1992 2Q,63791,17,raw/tabledata_M400841_9cbe20a8bfdb6540.json,97273c9aeaac6810ccb00fb908640d6623ac5cb583e99dd8426cc162018bc94e
M400841:1,1992-Q3,,64858.0,Number Of Units,1992 3Q,64858,18,raw/tabledata_M400841_9cbe20a8bfdb6540.json,97273c9aeaac6810ccb00fb908640d6623ac5cb583e99dd8426cc162018bc94e
M400841:1,1992-Q4,,66330.0,Number Of Units,1992 4Q,66330,19,raw/tabledata_M400841_9cbe20a8bfdb6540.json,97273c9aeaac6810ccb00fb908640d6623ac5cb583e99dd8426cc162018bc94e
M400841:1,1993-Q1,,67545.0,Number Of Units,1993 1Q,67545,20,raw/tabledata_M400841_9cbe20a8bfdb6540.json,97273c9aeaac6810ccb00fb908640d6623ac5cb583e99dd8426cc162018bc94e
M400841:1,1993-Q2,,68788.0,Number Of Units,1993 2Q,68788,21,raw/tabledata_M400841_9cbe20a8bfdb6540.json,97273c9aeaac6810ccb00fb908640d6623ac5cb583e99dd8426cc162018bc94e
M400841:1,1993-Q3,,70349.0,Number Of Units,1993 3Q,70349,22,raw/tabledata_M400841_9cbe20a8bfdb6540.json,97273c9aeaac6810ccb00fb908640d6623ac5cb583e99dd8426cc162018bc94e
M400841:1,1993-Q4,,71299.0,Number Of Units,1993 4Q,71299,23,raw/tabledata_M400841_9cbe20a8bfdb6540.json,97273c9aeaac6810ccb00fb908640d6623ac5cb583e99dd8426cc162018bc94e
M400841:1,1994-Q1,,72325.0,Number Of Units,1994 1Q,72325,24,raw/tabledata_M400841_9cbe20a8bfdb6540.json,97273c9aeaac6810ccb00fb908640d6623ac5cb583e99dd8426cc162018bc94e
M400841:1,1994-Q2,,74027.0,Number Of Units,1994 2Q,74027,25,raw/tabledata_M400841_9cbe20a8bfdb6540.json,97273c9aeaac6810ccb00fb908640d6623ac5cb583e99dd8426cc162018bc94e
M400841:1,1994-Q3,,75908.0,Number Of Units,1994 3Q,75908,26,raw/tabledata_M400841_9cbe20a8bfdb6540.json,97273c9aeaac6810ccb00fb908640d6623ac5cb583e99dd8426cc162018bc94e
M400841:1,1994-Q4,,78012.0,Number Of Units,1994 4Q,78012,27,raw/tabledata_M400841_9cbe20a8bfdb6540.json,97273c9aeaac6810ccb00fb908640d6623ac5cb583e99dd8426cc162018bc94e
M400841:1,1995-Q1,,124338.0,Number Of Units,1995 1Q,124338,28,raw/tabledata_M400841_9cbe20a8bfdb6540.json,97273c9aeaac6810ccb00fb908640d6623ac5cb583e99dd8426cc162018bc94e
M400841:1,1995-Q2,,125438.0,Number Of Units,1995 2Q,125438,29,raw/tabledata_M400841_9cbe20a8bfdb6540.json,97273c9aeaac6810ccb00fb908640d6623ac5cb583e99dd8426cc162018bc94e
M400841:1,1995-Q3,,127187.0,Number Of Units,1995 3Q,127187,30,raw/tabledata_M400841_9cbe20a8bfdb6540.json,97273c9aeaac6810ccb00fb908640d6623ac5cb583e99dd8426cc162018bc94e
M400841:1,1995-Q4,,129106.0,Number Of Units,1995 4Q,129106,31,raw/tabledata_M400841_9cbe20a8bfdb6540.json,97273c9aeaac6810ccb00fb908640d6623ac5cb583e99dd8426cc162018bc94e
M400841:1,1996-Q1,,130737.0,Number Of Units,1996 1Q,130737,32,raw/tabledata_M400841_9cbe20a8bfdb6540.json,97273c9aeaac6810ccb00fb908640d6623ac5cb583e99dd8426cc162018bc94e
M400841:1,1996-Q2,,145085.0,Number Of Units,1996 2Q,145085,33,raw/tabledata_M400841_9cbe20a8bfdb6540.json,97273c9aeaac6810ccb00fb908640d6623ac5cb583e99dd8426cc162018bc94e
M400841:1,1996-Q3,,146823.0,Number Of Units,1996 3Q,146823,34,raw/tabledata_M400841_9cbe20a8bfdb6540.json,97273c9aeaac6810ccb00fb908640d6623ac5cb583e99dd8426cc162018bc94e
M400841:1,1996-Q4,,149114.0,Number Of Units,1996 4Q,149114,35,raw/tabledata_M400841_9cbe20a8bfdb6540.json,97273c9aeaac6810ccb00fb908640d6623ac5cb583e99dd8426cc162018bc94e
M400841:1,1997-Q1,,151790.0,Number Of Units,1997 1Q,151790,36,raw/tabledata_M400841_9cbe20a8bfdb6540.json,97273c9aeaac6810ccb00fb908640d6623ac5cb583e99dd8426cc162018bc94e
M400841:1,1997-Q2,,154484.0,Number Of Units,1997 2Q,154484,37,raw/tabledata_M400841_9cbe20a8bfdb6540.json,97273c9aeaac6810ccb00fb908640d6623ac5cb583e99dd8426cc162018bc94e
M400841:1,1997-Q3,,158446.0,Number Of Units,1997 3Q,158446,38,raw/tabledata_M400841_9cbe20a8bfdb6540.json,97273c9aeaac6810ccb00fb908640d6623ac5cb583e99dd8426cc162018bc94e
M400841:1,1997-Q4,,161273.0,Number Of Units,1997 4Q,161273,39,raw/tabledata_M400841_9cbe20a8bfdb6540.json,97273c9aeaac6810ccb00fb908640d6623ac5cb583e99dd8426cc162018bc94e
M400841:1,1998-Q1,,163873.0,Number Of Units,1998 1Q,163873,40,raw/tabledata_M400841_9cbe20a8bfdb6540.json,97273c9aeaac6810ccb00fb908640d6623ac5cb583e99dd8426cc162018bc94e
M400841:1,1998-Q2,,166958.0,Number Of Units,1998 2Q,166958,41,raw/tabledata_M400841_9cbe20a8bfdb6540.json,97273c9aeaac6810ccb00fb908640d6623ac5cb583e99dd8426cc162018bc94e
M400841:1,1998-Q3,,170191.0,Number Of Units,1998 3Q,170191,42,raw/tabledata_M400841_9cbe20a8bfdb6540.json,97273c9aeaac6810ccb00fb908640d6623ac5cb583e99dd8426cc162018bc94e
M400841:1,1998-Q4,,173573.0,Number Of Units,1998 4Q,173573,43,raw/tabledata_M400841_9cbe20a8bfdb6540.json,97273c9aeaac6810ccb00fb908640d6623ac5cb583e99dd8426cc162018bc94e
M400841:1,1999-Q1,,176331.0,Number Of Units,1999 1Q,176331,44,raw/tabledata_M400841_9cbe20a8bfdb6540.json,97273c9aeaac6810ccb00fb908640d6623ac5cb583e99dd8426cc162018bc94e
M400841:1,1999-Q2,,179294.0,Number Of Units,1999 2Q,179294,45,raw/tabledata_M400841_9cbe20a8bfdb6540.json,97273c9aeaac6810ccb00fb908640d6623ac5cb583e99dd8426cc162018bc94e
M400841:1,1999-Q3,,180786.0,Number Of Units,1999 3Q,180786,46,raw/tabledata_M400841_9cbe20a8bfdb6540.json,97273c9aeaac6810ccb00fb908640d6623ac5cb583e99dd8426cc162018bc94e
M400841:1,1999-Q4,,183551.0,Number Of Units,1999 4Q,183551,47,raw/tabledata_M400841_9cbe20a8bfdb6540.json,97273c9aeaac6810ccb00fb908640d6623ac5cb583e99dd8426cc162018bc94e
M400841:1,2000-Q1,,185503.0,Number Of Units,2000 1Q,185503,48,raw/tabledata_M400841_9cbe20a8bfdb6540.json,97273c9aeaac6810ccb00fb908640d6623ac5cb583e99dd8426cc162018bc94e
M400841:1,2000-Q2,,190190.0,Number Of Units,2000 2Q,190190,49,raw/tabledata_M400841_9cbe20a8bfdb6540.json,97273c9aeaac6810ccb00fb908640d6623ac5cb583e99dd8426cc162018bc94e
M400841:1,2000-Q3,,191133.0,Number Of Units,2000 3Q,191133,50,raw/tabledata_M400841_9cbe20a8bfdb6540.json,97273c9aeaac6810ccb00fb908640d6623ac5cb583e99dd8426cc162018bc94e
M400841:1,2000-Q4,,193028.0,Number Of Units,2000 4Q,193028,51,raw/tabledata_M400841_9cbe20a8bfdb6540.json,97273c9aeaac6810ccb00fb908640d6623ac5cb583e99dd8426cc162018bc94e
M400841:1,2001-Q1,,193980.0,Number Of Units,2001 1Q,193980,52,raw/tabledata_M400841_9cbe20a8bfdb6540.json,97273c9aeaac6810ccb00fb908640d6623ac5cb583e99dd8426cc162018bc94e
M400841:1,2001-Q2,,194984.0,Number Of Units,2001 2Q,194984,53,raw/tabledata_M400841_9cbe20a8bfdb6540.json,97273c9aeaac6810ccb00fb908640d6623ac5cb583e99dd8426cc162018bc94e
M400841:1,2001-Q3,,195913.0,Number Of Units,2001 3Q,195913,54,raw/tabledata_M400841_9cbe20a8bfdb6540.json,97273c9aeaac6810ccb00fb908640d6623ac5cb583e99dd8426cc162018bc94e
M400841:1,2001-Q4,,198354.0,Number Of Units,2001 4Q,198354,55,raw/tabledata_M400841_9cbe20a8bfdb6540.json,97273c9aeaac6810ccb00fb908640d6623ac5cb583e99dd8426cc162018bc94e
M400841:1,2002-Q1,,199584.0,Number Of Units,2002 1Q,199584,56,raw/tabledata_M400841_9cbe20a8bfdb6540.json,97273c9aeaac6810ccb00fb908640d6623ac5cb583e99dd8426cc162018bc94e
M400841:1,2002-Q2,,201776.0,Number Of Units,2002 2Q,201776,57,raw/tabledata_M400841_9cbe20a8bfdb6540.json,97273c9aeaac6810ccb00fb908640d6623ac5cb583e99dd8426cc162018bc94e
M400841:1,2002-Q3,,203520.0,Number Of Units,2002 3Q,203520,58,raw/tabledata_M400841_9cbe20a8bfdb6540.json,97273c9aeaac6810ccb00fb908640d6623ac5cb583e99dd8426cc162018bc94e
M400841:1,2002-Q4,,205197.0,Number Of Units,2002 4Q,205197,59,raw/tabledata_M400841_9cbe20a8bfdb6540.json,97273c9aeaac6810ccb00fb908640d6623ac5cb583e99dd8426cc162018bc94e
M400841:1,2003-Q1,,206669.0,Number Of Units,2003 1Q,206669,60,raw/tabledata_M400841_9cbe20a8bfdb6540.json,97273c9aeaac6810ccb00fb908640d6623ac5cb583e99dd8426cc162018bc94e
M400841:1,2003-Q2,,207857.0,Number Of Units,2003 2Q,207857,61,raw/tabledata_M400841_9cbe20a8bfdb6540.json,97273c9aeaac6810ccb00fb908640d6623ac5cb583e99dd8426cc162018bc94e
M400841:1,2003-Q3,,209823.0,Number Of Units,2003 3Q,209823,62,raw/tabledata_M400841_9cbe20a8bfdb6540.json,97273c9aeaac6810ccb00fb908640d6623ac5cb583e99dd8426cc162018bc94e
M400841:1,2003-Q4,,210934.0,Number Of Units,2003 4Q,210934,63,raw/tabledata_M400841_9cbe20a8bfdb6540.json,97273c9aeaac6810ccb00fb908640d6623ac5cb583e99dd8426cc162018bc94e
M400841:1,2004-Q1,,214275.0,Number Of Units,2004 1Q,214275,64,raw/tabledata_M400841_9cbe20a8bfdb6540.json,97273c9aeaac6810ccb00fb908640d6623ac5cb583e99dd8426cc162018bc94e
M400841:1,2004-Q2,,216787.0,Number Of Units,2004 2Q,216787,65,raw/tabledata_M400841_9cbe20a8bfdb6540.json,97273c9aeaac6810ccb00fb908640d6623ac5cb583e99dd8426cc162018bc94e
M400841:1,2004-Q3,,219740.0,Number Of Units,2004 3Q,219740,66,raw/tabledata_M400841_9cbe20a8bfdb6540.json,97273c9aeaac6810ccb00fb908640d6623ac5cb583e99dd8426cc162018bc94e
M400841:1,2004-Q4,,221903.0,Number Of Units,2004 4Q,221903,67,raw/tabledata_M400841_9cbe20a8bfdb6540.json,97273c9aeaac6810ccb00fb908640d6623ac5cb583e99dd8426cc162018bc94e
M400841:1,2005-Q1,,223686.0,Number Of Units,2005 1Q,223686,68,raw/tabledata_M400841_9cbe20a8bfdb6540.json,97273c9aeaac6810ccb00fb908640d6623ac5cb583e99dd8426cc162018bc94e
M400841:1,2005-Q2,,225432.0,Number Of Units,2005 2Q,225432,69,raw/tabledata_M400841_9cbe20a8bfdb6540.json,97273c9aeaac6810ccb00fb908640d6623ac5cb583e99dd8426cc162018bc94e
M400841:1,2005-Q3,,227279.0,Number Of Units,2005 3Q,227279,70,raw/tabledata_M400841_9cbe20a8bfdb6540.json,97273c9aeaac6810ccb00fb908640d6623ac5cb583e99dd8426cc162018bc94e
M400841:1,2005-Q4,,229356.0,Number Of Units,2005 4Q,229356,71,raw/tabledata_M400841_9cbe20a8bfdb6540.json,97273c9aeaac6810ccb00fb908640d6623ac5cb583e99dd8426cc162018bc94e
M400841:1,2006-Q1,,230196.0,Number Of Units,2006 1Q,230196,72,raw/tabledata_M400841_9cbe20a8bfdb6540.json,97273c9aeaac6810ccb00fb908640d6623ac5cb583e99dd8426cc162018bc94e
M400841:1,2006-Q2,,230752.0,Number Of Units,2006 2Q,230752,73,raw/tabledata_M400841_9cbe20a8bfdb6540.json,97273c9aeaac6810ccb00fb908640d6623ac5cb583e99dd8426cc162018bc94e
M400841:1,2006-Q3,,232413.0,Number Of Units,2006 3Q,232413,74,raw/tabledata_M400841_9cbe20a8bfdb6540.json,97273c9aeaac6810ccb00fb908640d6623ac5cb583e99dd8426cc162018bc94e
M400841:1,2006-Q4,,233364.0,Number Of Units,2006 4Q,233364,75,raw/tabledata_M400841_9cbe20a8bfdb6540.json,97273c9aeaac6810ccb00fb908640d6623ac5cb583e99dd8426cc162018bc94e
M400841:1,2007-Q1,,233195.0,Number Of Units,2007 1Q,233195,76,raw/tabledata_M400841_9cbe20a8bfdb6540.json,97273c9aeaac6810ccb00fb908640d6623ac5cb583e99dd8426cc162018bc94e
M400841:1,2007-Q2,,233143.0,Number Of Units,2007 2Q,233143,77,raw/tabledata_M400841_9cbe20a8bfdb6540.json,97273c9aeaac6810ccb00fb908640d6623ac5cb583e99dd8426cc162018bc94e
M400841:1,2007-Q3,,233969.0,Number Of Units,2007 3Q,233969,78,raw/tabledata_M400841_9cbe20a8bfdb6540.json,97273c9aeaac6810ccb00fb908640d6623ac5cb583e99dd8426cc162018bc94e
M400841:1,2007-Q4,,234812.0,Number Of Units,2007 4Q,234812,79,raw/tabledata_M400841_9cbe20a8bfdb6540.json,97273c9aeaac6810ccb00fb908640d6623ac5cb583e99dd8426cc162018bc94e
M400841:1,2008-Q1,,236903.0,Number Of Units,2008 1Q,236903,80,raw/tabledata_M400841_9cbe20a8bfdb6540.json,97273c9aeaac6810ccb00fb908640d6623ac5cb583e99dd8426cc162018bc94e
M400841:1,2008-Q2,,237664.0,Number Of Units,2008 2Q,237664,81,raw/tabledata_M400841_9cbe20a8bfdb6540.json,97273c9aeaac6810ccb00fb908640d6623ac5cb583e99dd8426cc162018bc94e
M400841:1,2008-Q3,,238853.0,Number Of Units,2008 3Q,238853,82,raw/tabledata_M400841_9cbe20a8bfdb6540.json,97273c9aeaac6810ccb00fb908640d6623ac5cb583e99dd8426cc162018bc94e
M400841:1,2008-Q4,,241204.0,Number Of Units,2008 4Q,241204,83,raw/tabledata_M400841_9cbe20a8bfdb6540.json,97273c9aeaac6810ccb00fb908640d6623ac5cb583e99dd8426cc162018bc94e
M400841:1,2009-Q1,,243181.0,Number Of Units,2009 1Q,243181,84,raw/tabledata_M400841_9cbe20a8bfdb6540.json,97273c9aeaac6810ccb00fb908640d6623ac5cb583e99dd8426cc162018bc94e
M400841:1,2009-Q2,,245864.0,Number Of Units,2009 2Q,245864,85,raw/tabledata_M400841_9cbe20a8bfdb6540.json,97273c9aeaac6810ccb00fb908640d6623ac5cb583e99dd8426cc162018bc94e
M400841:1,2009-Q3,,249530.0,Number Of Units,2009 3Q,249530,86,raw/tabledata_M400841_9cbe20a8bfdb6540.json,97273c9aeaac6810ccb00fb908640d6623ac5cb583e99dd8426cc162018bc94e
M400841:1,2009-Q4,,249489.0,Number Of Units,2009 4Q,249489,87,raw/tabledata_M400841_9cbe20a8bfdb6540.json,97273c9aeaac6810ccb00fb908640d6623ac5cb583e99dd8426cc162018bc94e
M400841:1,2010-Q1,,250451.0,Number Of Units,2010 1Q,250451,88,raw/tabledata_M400841_9cbe20a8bfdb6540.json,97273c9aeaac6810ccb00fb908640d6623ac5cb583e99dd8426cc162018bc94e
M400841:1,2010-Q2,,254334.0,Number Of Units,2010 2Q,254334,89,raw/tabledata_M400841_9cbe20a8bfdb6540.json,97273c9aeaac6810ccb00fb908640d6623ac5cb583e99dd8426cc162018bc94e
M400841:1,2010-Q3,,256513.0,Number Of Units,2010 3Q,256513,90,raw/tabledata_M400841_9cbe20a8bfdb6540.json,97273c9aeaac6810ccb00fb908640d6623ac5cb583e99dd8426cc162018bc94e
M400841:1,2010-Q4,,258243.0,Number Of Units,2010 4Q,258243,91,raw/tabledata_M400841_9cbe20a8bfdb6540.json,97273c9aeaac6810ccb00fb908640d6623ac5cb583e99dd8426cc162018bc94e
M400841:1,2011-Q1,,260108.0,Number Of Units,2011 1Q,260108,92,raw/tabledata_M400841_9cbe20a8bfdb6540.json,97273c9aeaac6810ccb00fb908640d6623ac5cb583e99dd8426cc162018bc94e
M400841:1,2011-Q2,,262162.0,Number Of Units,2011 2Q,262162,93,raw/tabledata_M400841_9cbe20a8bfdb6540.json,97273c9aeaac6810ccb00fb908640d6623ac5cb583e99dd8426cc162018bc94e
M400841:1,2011-Q3,,266097.0,Number Of Units,2011 3Q,266097,94,raw/tabledata_M400841_9cbe20a8bfdb6540.json,97273c9aeaac6810ccb00fb908640d6623ac5cb583e99dd8426cc162018bc94e
M400841:1,2011-Q4,,268768.0,Number Of Units,2011 4Q,268768,95,raw/tabledata_M400841_9cbe20a8bfdb6540.json,97273c9aeaac6810ccb00fb908640d6623ac5cb583e99dd8426cc162018bc94e
M400841:1,2012-Q1,,270920.0,Number Of Units,2012 1Q,270920,96,raw/tabledata_M400841_9cbe20a8bfdb6540.json,97273c9aeaac6810ccb00fb908640d6623ac5cb583e99dd8426cc162018bc94e
M400841:1,2012-Q2,,273050.0,Number Of Units,2012 2Q,273050,97,raw/tabledata_M400841_9cbe20a8bfdb6540.json,97273c9aeaac6810ccb00fb908640d6623ac5cb583e99dd8426cc162018bc94e
M400841:1,2012-Q3,,276346.0,Number Of Units,2012 3Q,276346,98,raw/tabledata_M400841_9cbe20a8bfdb6540.json,97273c9aeaac6810ccb00fb908640d6623ac5cb583e99dd8426cc162018bc94e
M400841:1,2012-Q4,,277620.0,Number Of Units,2012 4Q,277620,99,raw/tabledata_M400841_9cbe20a8bfdb6540.json,97273c9aeaac6810ccb00fb908640d6623ac5cb583e99dd8426cc162018bc94e
M400841:1,2013-Q1,,279824.0,Number Of Units,2013 1Q,279824,100,raw/tabledata_M400841_9cbe20a8bfdb6540.json,97273c9aeaac6810ccb00fb908640d6623ac5cb583e99dd8426cc162018bc94e
M400841:1,2013-Q2,,282528.0,Number Of Units,2013 2Q,282528,101,raw/tabledata_M400841_9cbe20a8bfdb6540.json,97273c9aeaac6810ccb00fb908640d6623ac5cb583e99dd8426cc162018bc94e
M400841:1,2013-Q3,,286006.0,Number Of Units,2013 3Q,286006,102,raw/tabledata_M400841_9cbe20a8bfdb6540.json,97273c9aeaac6810ccb00fb908640d6623ac5cb583e99dd8426cc162018bc94e
M400841:1,2013-Q4,,289370.0,Number Of Units,2013 4Q,289370,103,raw/tabledata_M400841_9cbe20a8bfdb6540.json,97273c9aeaac6810ccb00fb908640d6623ac5cb583e99dd8426cc162018bc94e
M400841:1,2014-Q1,,293283.0,Number Of Units,2014 1Q,293283,104,raw/tabledata_M400841_9cbe20a8bfdb6540.json,97273c9aeaac6810ccb00fb908640d6623ac5cb583e99dd8426cc162018bc94e
M400841:1,2014-Q2,,297998.0,Number Of Units,2014 2Q,297998,105,raw/tabledata_M400841_9cbe20a8bfdb6540.json,97273c9aeaac6810ccb00fb908640d6623ac5cb583e99dd8426cc162018bc94e
M400841:1,2014-Q3,,302510.0,Number Of Units,2014 3Q,302510,106,raw/tabledata_M400841_9cbe20a8bfdb6540.json,97273c9aeaac6810ccb00fb908640d6623ac5cb583e99dd8426cc162018bc94e
M400841:1,2014-Q4,,308814.0,Number Of Units,2014 4Q,308814,107,raw/tabledata_M400841_9cbe20a8bfdb6540.json,97273c9aeaac6810ccb00fb908640d6623ac5cb583e99dd8426cc162018bc94e
M400841:1,2015-Q1,,311635.0,Number Of Units,2015 1Q,311635,108,raw/tabledata_M400841_9cbe20a8bfdb6540.json,97273c9aeaac6810ccb00fb908640d6623ac5cb583e99dd8426cc162018bc94e
M400841:1,2015-Q2,,318524.0,Number Of Units,2015 2Q,318524,109,raw/tabledata_M400841_9cbe20a8bfdb6540.json,97273c9aeaac6810ccb00fb908640d6623ac5cb583e99dd8426cc162018bc94e
M400841:1,2015-Q3,,322149.0,Number Of Units,2015 3Q,322149,110,raw/tabledata_M400841_9cbe20a8bfdb6540.json,97273c9aeaac6810ccb00fb908640d6623ac5cb583e99dd8426cc162018bc94e
M400841:1,2015-Q4,,327448.0,Number Of Units,2015 4Q,327448,111,raw/tabledata_M400841_9cbe20a8bfdb6540.json,97273c9aeaac6810ccb00fb908640d6623ac5cb583e99dd8426cc162018bc94e
M400841:1,2016-Q1,,330303.0,Number Of Units,2016 1Q,330303,112,raw/tabledata_M400841_9cbe20a8bfdb6540.json,97273c9aeaac6810ccb00fb908640d6623ac5cb583e99dd8426cc162018bc94e
M400841:1,2016-Q2,,338728.0,Number Of Units,2016 2Q,338728,113,raw/tabledata_M400841_9cbe20a8bfdb6540.json,97273c9aeaac6810ccb00fb908640d6623ac5cb583e99dd8426cc162018bc94e
M400841:1,2016-Q3,,343647.0,Number Of Units,2016 3Q,343647,114,raw/tabledata_M400841_9cbe20a8bfdb6540.json,97273c9aeaac6810ccb00fb908640d6623ac5cb583e99dd8426cc162018bc94e
M400841:1,2016-Q4,,348080.0,Number Of Units,2016 4Q,348080,115,raw/tabledata_M400841_9cbe20a8bfdb6540.json,97273c9aeaac6810ccb00fb908640d6623ac5cb583e99dd8426cc162018bc94e
M400841:1,2017-Q1,,352310.0,Number Of Units,2017 1Q,352310,116,raw/tabledata_M400841_9cbe20a8bfdb6540.json,97273c9aeaac6810ccb00fb908640d6623ac5cb583e99dd8426cc162018bc94e
M400841:1,2017-Q2,,356116.0,Number Of Units,2017 2Q,356116,117,raw/tabledata_M400841_9cbe20a8bfdb6540.json,97273c9aeaac6810ccb00fb908640d6623ac5cb583e99dd8426cc162018bc94e
M400841:1,2017-Q3,,360090.0,Number Of Units,2017 3Q,360090,118,raw/tabledata_M400841_9cbe20a8bfdb6540.json,97273c9aeaac6810ccb00fb908640d6623ac5cb583e99dd8426cc162018bc94e
M400841:1,2017-Q4,,364295.0,Number Of Units,2017 4Q,364295,119,raw/tabledata_M400841_9cbe20a8bfdb6540.json,97273c9aeaac6810ccb00fb908640d6623ac5cb583e99dd8426cc162018bc94e
M400841:1,2018-Q1,,365591.0,Number Of Units,2018 1Q,365591,120,raw/tabledata_M400841_9cbe20a8bfdb6540.json,97273c9aeaac6810ccb00fb908640d6623ac5cb583e99dd8426cc162018bc94e
M400841:1,2018-Q2,,366743.0,Number Of Units,2018 2Q,366743,121,raw/tabledata_M400841_9cbe20a8bfdb6540.json,97273c9aeaac6810ccb00fb908640d6623ac5cb583e99dd8426cc162018bc94e
M400841:1,2018-Q3,,366826.0,Number Of Units,2018 3Q,366826,122,raw/tabledata_M400841_9cbe20a8bfdb6540.json,97273c9aeaac6810ccb00fb908640d6623ac5cb583e99dd8426cc162018bc94e
M400841:1,2018-Q4,,369991.0,Number Of Units,2018 4Q,369991,123,raw/tabledata_M400841_9cbe20a8bfdb6540.json,97273c9aeaac6810ccb00fb908640d6623ac5cb583e99dd8426cc162018bc94e
M400841:1,2019-Q1,,370944.0,Number Of Units,2019 1Q,370944,124,raw/tabledata_M400841_9cbe20a8bfdb6540.json,97273c9aeaac6810ccb00fb908640d6623ac5cb583e99dd8426cc162018bc94e
M400841:1,2019-Q2,,371807.0,Number Of Units,2019 2Q,371807,125,raw/tabledata_M400841_9cbe20a8bfdb6540.json,97273c9aeaac6810ccb00fb908640d6623ac5cb583e99dd8426cc162018bc94e
M400841:1,2019-Q3,,372085.0,Number Of Units,2019 3Q,372085,126,raw/tabledata_M400841_9cbe20a8bfdb6540.json,97273c9aeaac6810ccb00fb908640d6623ac5cb583e99dd8426cc162018bc94e
M400841:1,2019-Q4,,373561.0,Number Of Units,2019 4Q,373561,127,raw/tabledata_M400841_9cbe20a8bfdb6540.json,97273c9aeaac6810ccb00fb908640d6623ac5cb583e99dd8426cc162018bc94e
M400841:1,2020-Q1,,374925.0,Number Of Units,2020 1Q,374925,128,raw/tabledata_M400841_9cbe20a8bfdb6540.json,97273c9aeaac6810ccb00fb908640d6623ac5cb583e99dd8426cc162018bc94e
M400841:1,2020-Q2,,374752.0,Number Of Units,2020 2Q,374752,129,raw/tabledata_M400841_9cbe20a8bfdb6540.json,97273c9aeaac6810ccb00fb908640d6623ac5cb583e99dd8426cc162018bc94e
M400841:1,2020-Q3,,375156.0,Number Of Units,2020 3Q,375156,130,raw/tabledata_M400841_9cbe20a8bfdb6540.json,97273c9aeaac6810ccb00fb908640d6623ac5cb583e99dd8426cc162018bc94e
M400841:1,2020-Q4,,376040.0,Number Of Units,2020 4Q,376040,131,raw/tabledata_M400841_9cbe20a8bfdb6540.json,97273c9aeaac6810ccb00fb908640d6623ac5cb583e99dd8426cc162018bc94e
M400841:1,2021-Q1,,377817.0,Number Of Units,2021 1Q,377817,132,raw/tabledata_M400841_9cbe20a8bfdb6540.json,97273c9aeaac6810ccb00fb908640d6623ac5cb583e99dd8426cc162018bc94e
M400841:1,2021-Q2,,379462.0,Number Of Units,2021 2Q,379462,133,raw/tabledata_M400841_9cbe20a8bfdb6540.json,97273c9aeaac6810ccb00fb908640d6623ac5cb583e99dd8426cc162018bc94e
M400841:1,2021-Q3,,380187.0,Number Of Units,2021 3Q,380187,134,raw/tabledata_M400841_9cbe20a8bfdb6540.json,97273c9aeaac6810ccb00fb908640d6623ac5cb583e99dd8426cc162018bc94e
M400841:1,2021-Q4,,382195.0,Number Of Units,2021 4Q,382195,135,raw/tabledata_M400841_9cbe20a8bfdb6540.json,97273c9aeaac6810ccb00fb908640d6623ac5cb583e99dd8426cc162018bc94e
M400841:1,2022-Q1,,382978.0,Number Of Units,2022 1Q,382978,136,raw/tabledata_M400841_9cbe20a8bfdb6540.json,97273c9aeaac6810ccb00fb908640d6623ac5cb583e99dd8426cc162018bc94e
M400841:1,2022-Q2,,385529.0,Number Of Units,2022 2Q,385529,137,raw/tabledata_M400841_9cbe20a8bfdb6540.json,97273c9aeaac6810ccb00fb908640d6623ac5cb583e99dd8426cc162018bc94e
M400841:1,2022-Q3,,386953.0,Number Of Units,2022 3Q,386953,138,raw/tabledata_M400841_9cbe20a8bfdb6540.json,97273c9aeaac6810ccb00fb908640d6623ac5cb583e99dd8426cc162018bc94e
M400841:1,2022-Q4,,391198.0,Number Of Units,2022 4Q,391198,139,raw/tabledata_M400841_9cbe20a8bfdb6540.json,97273c9aeaac6810ccb00fb908640d6623ac5cb583e99dd8426cc162018bc94e
M400841:1,2023-Q1,,394062.0,Number Of Units,2023 1Q,394062,140,raw/tabledata_M400841_9cbe20a8bfdb6540.json,97273c9aeaac6810ccb00fb908640d6623ac5cb583e99dd8426cc162018bc94e
M400841:1,2023-Q2,,398289.0,Number Of Units,2023 2Q,398289,141,raw/tabledata_M400841_9cbe20a8bfdb6540.json,97273c9aeaac6810ccb00fb908640d6623ac5cb583e99dd8426cc162018bc94e
M400841:1,2023-Q3,,406663.0,Number Of Units,2023 3Q,406663,142,raw/tabledata_M400841_9cbe20a8bfdb6540.json,97273c9aeaac6810ccb00fb908640d6623ac5cb583e99dd8426cc162018bc94e
M400841:1,2023-Q4,,410588.0,Number Of Units,2023 4Q,410588,143,raw/tabledata_M400841_9cbe20a8bfdb6540.json,97273c9aeaac6810ccb00fb908640d6623ac5cb583e99dd8426cc162018bc94e
M400841:1,2024-Q1,,410400.0,Number Of Units,2024 1Q,410400,144,raw/tabledata_M400841_9cbe20a8bfdb6540.json,97273c9aeaac6810ccb00fb908640d6623ac5cb583e99dd8426cc162018bc94e
M400841:1,2024-Q2,,412002.0,Number Of Units,2024 2Q,412002,145,raw/tabledata_M400841_9cbe20a8bfdb6540.json,97273c9aeaac6810ccb00fb908640d6623ac5cb583e99dd8426cc162018bc94e
M400841:1,2024-Q3,,414671.0,Number Of Units,2024 3Q,414671,146,raw/tabledata_M400841_9cbe20a8bfdb6540.json,97273c9aeaac6810ccb00fb908640d6623ac5cb583e99dd8426cc162018bc94e
M400841:1,2024-Q4,,417733.0,Number Of Units,2024 4Q,417733,147,raw/tabledata_M400841_9cbe20a8bfdb6540.json,97273c9aeaac6810ccb00fb908640d6623ac5cb583e99dd8426cc162018bc94e
M400841:1,2025-Q1,,419869.0,Number Of Units,2025 1Q,419869,148,raw/tabledata_M400841_9cbe20a8bfdb6540.json,97273c9aeaac6810ccb00fb908640d6623ac5cb583e99dd8426cc162018bc94e
M400841:1,2025-Q2,,420142.0,Number Of Units,2025 2Q,420142,149,raw/tabledata_M400841_9cbe20a8bfdb6540.json,97273c9aeaac6810ccb00fb908640d6623ac5cb583e99dd8426cc162018bc94e
M400841:1,2025-Q3,,421656.0,Number Of Units,2025 3Q,421656,150,raw/tabledata_M400841_9cbe20a8bfdb6540.json,97273c9aeaac6810ccb00fb908640d6623ac5cb583e99dd8426cc162018bc94e
M400841:1,2025-Q4,,423352.0,Number Of Units,2025 4Q,423352,151,raw/tabledata_M400841_9cbe20a8bfdb6540.json,97273c9aeaac6810ccb00fb908640d6623ac5cb583e99dd8426cc162018bc94e
M400841:1,2026-Q1,,424165.0,Number Of Units,2026 1Q,424165,152,raw/tabledata_M400841_9cbe20a8bfdb6540.json,97273c9aeaac6810ccb00fb908640d6623ac5cb583e99dd8426cc162018bc94e
M400841:1,2026-Q2,,424581.0,Number Of Units,2026 2Q,424581,153,raw/tabledata_M400841_9cbe20a8bfdb6540.json,97273c9aeaac6810ccb00fb908640d6623ac5cb583e99dd8426cc162018bc94e
M400841:2,1988-Q1,,4825.0,Number Of Units,1988 1Q,4825,0,raw/tabledata_M400841_de38dc09e41862f3.json,b38f66e16b6b5306d909a952261590aeb59a77e9c7cbc40730383d86abde2bc8
M400841:2,1988-Q2,,3764.0,Number Of Units,1988 2Q,3764,1,raw/tabledata_M400841_de38dc09e41862f3.json,b38f66e16b6b5306d909a952261590aeb59a77e9c7cbc40730383d86abde2bc8
M400841:2,1988-Q3,,3688.0,Number Of Units,1988 3Q,3688,2,raw/tabledata_M400841_de38dc09e41862f3.json,b38f66e16b6b5306d909a952261590aeb59a77e9c7cbc40730383d86abde2bc8
M400841:2,1988-Q4,,3110.0,Number Of Units,1988 4Q,3110,3,raw/tabledata_M400841_de38dc09e41862f3.json,b38f66e16b6b5306d909a952261590aeb59a77e9c7cbc40730383d86abde2bc8
M400841:2,1989-Q1,,3043.0,Number Of Units,1989 1Q,3043,4,raw/tabledata_M400841_de38dc09e41862f3.json,b38f66e16b6b5306d909a952261590aeb59a77e9c7cbc40730383d86abde2bc8
M400841:2,1989-Q2,,3608.0,Number Of Units,1989 2Q,3608,5,raw/tabledata_M400841_de38dc09e41862f3.json,b38f66e16b6b5306d909a952261590aeb59a77e9c7cbc40730383d86abde2bc8
M400841:2,1989-Q3,,3136.0,Number Of Units,1989 3Q,3136,6,raw/tabledata_M400841_de38dc09e41862f3.json,b38f66e16b6b5306d909a952261590aeb59a77e9c7cbc40730383d86abde2bc8
M400841:2,1989-Q4,,3032.0,Number Of Units,1989 4Q,3032,7,raw/tabledata_M400841_de38dc09e41862f3.json,b38f66e16b6b5306d909a952261590aeb59a77e9c7cbc40730383d86abde2bc8
M400841:2,1990-Q1,,3524.0,Number Of Units,1990 1Q,3524,8,raw/tabledata_M400841_de38dc09e41862f3.json,b38f66e16b6b5306d909a952261590aeb59a77e9c7cbc40730383d86abde2bc8
M400841:2,1990-Q2,,3939.0,Number Of Units,1990 2Q,3939,9,raw/tabledata_M400841_de38dc09e41862f3.json,b38f66e16b6b5306d909a952261590aeb59a77e9c7cbc40730383d86abde2bc8
M400841:2,1990-Q3,,4233.0,Number Of Units,1990 3Q,4233,10,raw/tabledata_M400841_de38dc09e41862f3.json,b38f66e16b6b5306d909a952261590aeb59a77e9c7cbc40730383d86abde2bc8
M400841:2,1990-Q4,,3857.0,Number Of Units,1990 4Q,3857,11,raw/tabledata_M400841_de38dc09e41862f3.json,b38f66e16b6b5306d909a952261590aeb59a77e9c7cbc40730383d86abde2bc8
M400841:2,1991-Q1,,3964.0,Number Of Units,1991 1Q,3964,12,raw/tabledata_M400841_de38dc09e41862f3.json,b38f66e16b6b5306d909a952261590aeb59a77e9c7cbc40730383d86abde2bc8
M400841:2,1991-Q2,,4187.0,Number Of Units,1991 2Q,4187,13,raw/tabledata_M400841_de38dc09e41862f3.json,b38f66e16b6b5306d909a952261590aeb59a77e9c7cbc40730383d86abde2bc8
M400841:2,1991-Q3,,4594.0,Number Of Units,1991 3Q,4594,14,raw/tabledata_M400841_de38dc09e41862f3.json,b38f66e16b6b5306d909a952261590aeb59a77e9c7cbc40730383d86abde2bc8
M400841:2,1991-Q4,,3981.0,Number Of Units,1991 4Q,3981,15,raw/tabledata_M400841_de38dc09e41862f3.json,b38f66e16b6b5306d909a952261590aeb59a77e9c7cbc40730383d86abde2bc8
M400841:2,1992-Q1,,4381.0,Number Of Units,1992 1Q,4381,16,raw/tabledata_M400841_de38dc09e41862f3.json,b38f66e16b6b5306d909a952261590aeb59a77e9c7cbc40730383d86abde2bc8
M400841:2,1992-Q2,,4144.0,Number Of Units,1992 2Q,4144,17,raw/tabledata_M400841_de38dc09e41862f3.json,b38f66e16b6b5306d909a952261590aeb59a77e9c7cbc40730383d86abde2bc8
M400841:2,1992-Q3,,4140.0,Number Of Units,1992 3Q,4140,18,raw/tabledata_M400841_de38dc09e41862f3.json,b38f66e16b6b5306d909a952261590aeb59a77e9c7cbc40730383d86abde2bc8
M400841:2,1992-Q4,,4906.0,Number Of Units,1992 4Q,4906,19,raw/tabledata_M400841_de38dc09e41862f3.json,b38f66e16b6b5306d909a952261590aeb59a77e9c7cbc40730383d86abde2bc8
M400841:2,1993-Q1,,5162.0,Number Of Units,1993 1Q,5162,20,raw/tabledata_M400841_de38dc09e41862f3.json,b38f66e16b6b5306d909a952261590aeb59a77e9c7cbc40730383d86abde2bc8
M400841:2,1993-Q2,,5542.0,Number Of Units,1993 2Q,5542,21,raw/tabledata_M400841_de38dc09e41862f3.json,b38f66e16b6b5306d909a952261590aeb59a77e9c7cbc40730383d86abde2bc8
M400841:2,1993-Q3,,5723.0,Number Of Units,1993 3Q,5723,22,raw/tabledata_M400841_de38dc09e41862f3.json,b38f66e16b6b5306d909a952261590aeb59a77e9c7cbc40730383d86abde2bc8
M400841:2,1993-Q4,,5038.0,Number Of Units,1993 4Q,5038,23,raw/tabledata_M400841_de38dc09e41862f3.json,b38f66e16b6b5306d909a952261590aeb59a77e9c7cbc40730383d86abde2bc8
M400841:2,1994-Q1,,4776.0,Number Of Units,1994 1Q,4776,24,raw/tabledata_M400841_de38dc09e41862f3.json,b38f66e16b6b5306d909a952261590aeb59a77e9c7cbc40730383d86abde2bc8
M400841:2,1994-Q2,,4783.0,Number Of Units,1994 2Q,4783,25,raw/tabledata_M400841_de38dc09e41862f3.json,b38f66e16b6b5306d909a952261590aeb59a77e9c7cbc40730383d86abde2bc8
M400841:2,1994-Q3,,5536.0,Number Of Units,1994 3Q,5536,26,raw/tabledata_M400841_de38dc09e41862f3.json,b38f66e16b6b5306d909a952261590aeb59a77e9c7cbc40730383d86abde2bc8
M400841:2,1994-Q4,,5488.0,Number Of Units,1994 4Q,5488,27,raw/tabledata_M400841_de38dc09e41862f3.json,b38f66e16b6b5306d909a952261590aeb59a77e9c7cbc40730383d86abde2bc8
M400841:2,1995-Q1,,7311.0,Number Of Units,1995 1Q,7311,28,raw/tabledata_M400841_de38dc09e41862f3.json,b38f66e16b6b5306d909a952261590aeb59a77e9c7cbc40730383d86abde2bc8
M400841:2,1995-Q2,,7551.0,Number Of Units,1995 2Q,7551,29,raw/tabledata_M400841_de38dc09e41862f3.json,b38f66e16b6b5306d909a952261590aeb59a77e9c7cbc40730383d86abde2bc8
M400841:2,1995-Q3,,7435.0,Number Of Units,1995 3Q,7435,30,raw/tabledata_M400841_de38dc09e41862f3.json,b38f66e16b6b5306d909a952261590aeb59a77e9c7cbc40730383d86abde2bc8
M400841:2,1995-Q4,,7323.0,Number Of Units,1995 4Q,7323,31,raw/tabledata_M400841_de38dc09e41862f3.json,b38f66e16b6b5306d909a952261590aeb59a77e9c7cbc40730383d86abde2bc8
M400841:2,1996-Q1,,8811.0,Number Of Units,1996 1Q,8811,32,raw/tabledata_M400841_de38dc09e41862f3.json,b38f66e16b6b5306d909a952261590aeb59a77e9c7cbc40730383d86abde2bc8
M400841:2,1996-Q2,,8955.0,Number Of Units,1996 2Q,8955,33,raw/tabledata_M400841_de38dc09e41862f3.json,b38f66e16b6b5306d909a952261590aeb59a77e9c7cbc40730383d86abde2bc8
M400841:2,1996-Q3,,8549.0,Number Of Units,1996 3Q,8549,34,raw/tabledata_M400841_de38dc09e41862f3.json,b38f66e16b6b5306d909a952261590aeb59a77e9c7cbc40730383d86abde2bc8
M400841:2,1996-Q4,,9262.0,Number Of Units,1996 4Q,9262,35,raw/tabledata_M400841_de38dc09e41862f3.json,b38f66e16b6b5306d909a952261590aeb59a77e9c7cbc40730383d86abde2bc8
M400841:2,1997-Q1,,10902.0,Number Of Units,1997 1Q,10902,36,raw/tabledata_M400841_de38dc09e41862f3.json,b38f66e16b6b5306d909a952261590aeb59a77e9c7cbc40730383d86abde2bc8
M400841:2,1997-Q2,,12815.0,Number Of Units,1997 2Q,12815,37,raw/tabledata_M400841_de38dc09e41862f3.json,b38f66e16b6b5306d909a952261590aeb59a77e9c7cbc40730383d86abde2bc8
M400841:2,1997-Q3,,14179.0,Number Of Units,1997 3Q,14179,38,raw/tabledata_M400841_de38dc09e41862f3.json,b38f66e16b6b5306d909a952261590aeb59a77e9c7cbc40730383d86abde2bc8
M400841:2,1997-Q4,,14467.0,Number Of Units,1997 4Q,14467,39,raw/tabledata_M400841_de38dc09e41862f3.json,b38f66e16b6b5306d909a952261590aeb59a77e9c7cbc40730383d86abde2bc8
M400841:2,1998-Q1,,14176.0,Number Of Units,1998 1Q,14176,40,raw/tabledata_M400841_de38dc09e41862f3.json,b38f66e16b6b5306d909a952261590aeb59a77e9c7cbc40730383d86abde2bc8
M400841:2,1998-Q2,,16069.0,Number Of Units,1998 2Q,16069,41,raw/tabledata_M400841_de38dc09e41862f3.json,b38f66e16b6b5306d909a952261590aeb59a77e9c7cbc40730383d86abde2bc8
M400841:2,1998-Q3,,16493.0,Number Of Units,1998 3Q,16493,42,raw/tabledata_M400841_de38dc09e41862f3.json,b38f66e16b6b5306d909a952261590aeb59a77e9c7cbc40730383d86abde2bc8
M400841:2,1998-Q4,,15612.0,Number Of Units,1998 4Q,15612,43,raw/tabledata_M400841_de38dc09e41862f3.json,b38f66e16b6b5306d909a952261590aeb59a77e9c7cbc40730383d86abde2bc8
M400841:2,1999-Q1,,14792.0,Number Of Units,1999 1Q,14792,44,raw/tabledata_M400841_de38dc09e41862f3.json,b38f66e16b6b5306d909a952261590aeb59a77e9c7cbc40730383d86abde2bc8
M400841:2,1999-Q2,,14898.0,Number Of Units,1999 2Q,14898,45,raw/tabledata_M400841_de38dc09e41862f3.json,b38f66e16b6b5306d909a952261590aeb59a77e9c7cbc40730383d86abde2bc8
M400841:2,1999-Q3,,13657.0,Number Of Units,1999 3Q,13657,46,raw/tabledata_M400841_de38dc09e41862f3.json,b38f66e16b6b5306d909a952261590aeb59a77e9c7cbc40730383d86abde2bc8
M400841:2,1999-Q4,,14710.0,Number Of Units,1999 4Q,14710,47,raw/tabledata_M400841_de38dc09e41862f3.json,b38f66e16b6b5306d909a952261590aeb59a77e9c7cbc40730383d86abde2bc8
M400841:2,2000-Q1,,15788.0,Number Of Units,2000 1Q,15788,48,raw/tabledata_M400841_de38dc09e41862f3.json,b38f66e16b6b5306d909a952261590aeb59a77e9c7cbc40730383d86abde2bc8
M400841:2,2000-Q2,,17216.0,Number Of Units,2000 2Q,17216,49,raw/tabledata_M400841_de38dc09e41862f3.json,b38f66e16b6b5306d909a952261590aeb59a77e9c7cbc40730383d86abde2bc8
M400841:2,2000-Q3,,15172.0,Number Of Units,2000 3Q,15172,50,raw/tabledata_M400841_de38dc09e41862f3.json,b38f66e16b6b5306d909a952261590aeb59a77e9c7cbc40730383d86abde2bc8
M400841:2,2000-Q4,,13341.0,Number Of Units,2000 4Q,13341,51,raw/tabledata_M400841_de38dc09e41862f3.json,b38f66e16b6b5306d909a952261590aeb59a77e9c7cbc40730383d86abde2bc8
M400841:2,2001-Q1,,12582.0,Number Of Units,2001 1Q,12582,52,raw/tabledata_M400841_de38dc09e41862f3.json,b38f66e16b6b5306d909a952261590aeb59a77e9c7cbc40730383d86abde2bc8
M400841:2,2001-Q2,,13912.0,Number Of Units,2001 2Q,13912,53,raw/tabledata_M400841_de38dc09e41862f3.json,b38f66e16b6b5306d909a952261590aeb59a77e9c7cbc40730383d86abde2bc8
M400841:2,2001-Q3,,14818.0,Number Of Units,2001 3Q,14818,54,raw/tabledata_M400841_de38dc09e41862f3.json,b38f66e16b6b5306d909a952261590aeb59a77e9c7cbc40730383d86abde2bc8
M400841:2,2001-Q4,,16207.0,Number Of Units,2001 4Q,16207,55,raw/tabledata_M400841_de38dc09e41862f3.json,b38f66e16b6b5306d909a952261590aeb59a77e9c7cbc40730383d86abde2bc8
M400841:2,2002-Q1,,15078.0,Number Of Units,2002 1Q,15078,56,raw/tabledata_M400841_de38dc09e41862f3.json,b38f66e16b6b5306d909a952261590aeb59a77e9c7cbc40730383d86abde2bc8
M400841:2,2002-Q2,,16767.0,Number Of Units,2002 2Q,16767,57,raw/tabledata_M400841_de38dc09e41862f3.json,b38f66e16b6b5306d909a952261590aeb59a77e9c7cbc40730383d86abde2bc8
M400841:2,2002-Q3,,16463.0,Number Of Units,2002 3Q,16463,58,raw/tabledata_M400841_de38dc09e41862f3.json,b38f66e16b6b5306d909a952261590aeb59a77e9c7cbc40730383d86abde2bc8
M400841:2,2002-Q4,,17454.0,Number Of Units,2002 4Q,17454,59,raw/tabledata_M400841_de38dc09e41862f3.json,b38f66e16b6b5306d909a952261590aeb59a77e9c7cbc40730383d86abde2bc8
M400841:2,2003-Q1,,15790.0,Number Of Units,2003 1Q,15790,60,raw/tabledata_M400841_de38dc09e41862f3.json,b38f66e16b6b5306d909a952261590aeb59a77e9c7cbc40730383d86abde2bc8
M400841:2,2003-Q2,,15709.0,Number Of Units,2003 2Q,15709,61,raw/tabledata_M400841_de38dc09e41862f3.json,b38f66e16b6b5306d909a952261590aeb59a77e9c7cbc40730383d86abde2bc8
M400841:2,2003-Q3,,16934.0,Number Of Units,2003 3Q,16934,62,raw/tabledata_M400841_de38dc09e41862f3.json,b38f66e16b6b5306d909a952261590aeb59a77e9c7cbc40730383d86abde2bc8
M400841:2,2003-Q4,,16339.0,Number Of Units,2003 4Q,16339,63,raw/tabledata_M400841_de38dc09e41862f3.json,b38f66e16b6b5306d909a952261590aeb59a77e9c7cbc40730383d86abde2bc8
M400841:2,2004-Q1,,18071.0,Number Of Units,2004 1Q,18071,64,raw/tabledata_M400841_de38dc09e41862f3.json,b38f66e16b6b5306d909a952261590aeb59a77e9c7cbc40730383d86abde2bc8
M400841:2,2004-Q2,,17958.0,Number Of Units,2004 2Q,17958,65,raw/tabledata_M400841_de38dc09e41862f3.json,b38f66e16b6b5306d909a952261590aeb59a77e9c7cbc40730383d86abde2bc8
M400841:2,2004-Q3,,18689.0,Number Of Units,2004 3Q,18689,66,raw/tabledata_M400841_de38dc09e41862f3.json,b38f66e16b6b5306d909a952261590aeb59a77e9c7cbc40730383d86abde2bc8
M400841:2,2004-Q4,,17916.0,Number Of Units,2004 4Q,17916,67,raw/tabledata_M400841_de38dc09e41862f3.json,b38f66e16b6b5306d909a952261590aeb59a77e9c7cbc40730383d86abde2bc8
M400841:2,2005-Q1,,19790.0,Number Of Units,2005 1Q,19790,68,raw/tabledata_M400841_de38dc09e41862f3.json,b38f66e16b6b5306d909a952261590aeb59a77e9c7cbc40730383d86abde2bc8
M400841:2,2005-Q2,,19607.0,Number Of Units,2005 2Q,19607,69,raw/tabledata_M400841_de38dc09e41862f3.json,b38f66e16b6b5306d909a952261590aeb59a77e9c7cbc40730383d86abde2bc8
M400841:2,2005-Q3,,19391.0,Number Of Units,2005 3Q,19391,70,raw/tabledata_M400841_de38dc09e41862f3.json,b38f66e16b6b5306d909a952261590aeb59a77e9c7cbc40730383d86abde2bc8
M400841:2,2005-Q4,,19276.0,Number Of Units,2005 4Q,19276,71,raw/tabledata_M400841_de38dc09e41862f3.json,b38f66e16b6b5306d909a952261590aeb59a77e9c7cbc40730383d86abde2bc8
M400841:2,2006-Q1,,17086.0,Number Of Units,2006 1Q,17086,72,raw/tabledata_M400841_de38dc09e41862f3.json,b38f66e16b6b5306d909a952261590aeb59a77e9c7cbc40730383d86abde2bc8
M400841:2,2006-Q2,,15087.0,Number Of Units,2006 2Q,15087,73,raw/tabledata_M400841_de38dc09e41862f3.json,b38f66e16b6b5306d909a952261590aeb59a77e9c7cbc40730383d86abde2bc8
M400841:2,2006-Q3,,15417.0,Number Of Units,2006 3Q,15417,74,raw/tabledata_M400841_de38dc09e41862f3.json,b38f66e16b6b5306d909a952261590aeb59a77e9c7cbc40730383d86abde2bc8
M400841:2,2006-Q4,,14257.0,Number Of Units,2006 4Q,14257,75,raw/tabledata_M400841_de38dc09e41862f3.json,b38f66e16b6b5306d909a952261590aeb59a77e9c7cbc40730383d86abde2bc8
M400841:2,2007-Q1,,11863.0,Number Of Units,2007 1Q,11863,76,raw/tabledata_M400841_de38dc09e41862f3.json,b38f66e16b6b5306d909a952261590aeb59a77e9c7cbc40730383d86abde2bc8
M400841:2,2007-Q2,,11506.0,Number Of Units,2007 2Q,11506,77,raw/tabledata_M400841_de38dc09e41862f3.json,b38f66e16b6b5306d909a952261590aeb59a77e9c7cbc40730383d86abde2bc8
M400841:2,2007-Q3,,12550.0,Number Of Units,2007 3Q,12550,78,raw/tabledata_M400841_de38dc09e41862f3.json,b38f66e16b6b5306d909a952261590aeb59a77e9c7cbc40730383d86abde2bc8
M400841:2,2007-Q4,,13134.0,Number Of Units,2007 4Q,13134,79,raw/tabledata_M400841_de38dc09e41862f3.json,b38f66e16b6b5306d909a952261590aeb59a77e9c7cbc40730383d86abde2bc8
M400841:2,2008-Q1,,14862.0,Number Of Units,2008 1Q,14862,80,raw/tabledata_M400841_de38dc09e41862f3.json,b38f66e16b6b5306d909a952261590aeb59a77e9c7cbc40730383d86abde2bc8
M400841:2,2008-Q2,,14437.0,Number Of Units,2008 2Q,14437,81,raw/tabledata_M400841_de38dc09e41862f3.json,b38f66e16b6b5306d909a952261590aeb59a77e9c7cbc40730383d86abde2bc8
M400841:2,2008-Q3,,13939.0,Number Of Units,2008 3Q,13939,82,raw/tabledata_M400841_de38dc09e41862f3.json,b38f66e16b6b5306d909a952261590aeb59a77e9c7cbc40730383d86abde2bc8
M400841:2,2008-Q4,,14623.0,Number Of Units,2008 4Q,14623,83,raw/tabledata_M400841_de38dc09e41862f3.json,b38f66e16b6b5306d909a952261590aeb59a77e9c7cbc40730383d86abde2bc8
M400841:2,2009-Q1,,14442.0,Number Of Units,2009 1Q,14442,84,raw/tabledata_M400841_de38dc09e41862f3.json,b38f66e16b6b5306d909a952261590aeb59a77e9c7cbc40730383d86abde2bc8
M400841:2,2009-Q2,,14509.0,Number Of Units,2009 2Q,14509,85,raw/tabledata_M400841_de38dc09e41862f3.json,b38f66e16b6b5306d909a952261590aeb59a77e9c7cbc40730383d86abde2bc8
M400841:2,2009-Q3,,15470.0,Number Of Units,2009 3Q,15470,86,raw/tabledata_M400841_de38dc09e41862f3.json,b38f66e16b6b5306d909a952261590aeb59a77e9c7cbc40730383d86abde2bc8
M400841:2,2009-Q4,,12388.0,Number Of Units,2009 4Q,12388,87,raw/tabledata_M400841_de38dc09e41862f3.json,b38f66e16b6b5306d909a952261590aeb59a77e9c7cbc40730383d86abde2bc8
M400841:2,2010-Q1,,11403.0,Number Of Units,2010 1Q,11403,88,raw/tabledata_M400841_de38dc09e41862f3.json,b38f66e16b6b5306d909a952261590aeb59a77e9c7cbc40730383d86abde2bc8
M400841:2,2010-Q2,,13666.0,Number Of Units,2010 2Q,13666,89,raw/tabledata_M400841_de38dc09e41862f3.json,b38f66e16b6b5306d909a952261590aeb59a77e9c7cbc40730383d86abde2bc8
M400841:2,2010-Q3,,13255.0,Number Of Units,2010 3Q,13255,90,raw/tabledata_M400841_de38dc09e41862f3.json,b38f66e16b6b5306d909a952261590aeb59a77e9c7cbc40730383d86abde2bc8
M400841:2,2010-Q4,,12883.0,Number Of Units,2010 4Q,12883,91,raw/tabledata_M400841_de38dc09e41862f3.json,b38f66e16b6b5306d909a952261590aeb59a77e9c7cbc40730383d86abde2bc8
M400841:2,2011-Q1,,12740.0,Number Of Units,2011 1Q,12740,92,raw/tabledata_M400841_de38dc09e41862f3.json,b38f66e16b6b5306d909a952261590aeb59a77e9c7cbc40730383d86abde2bc8
M400841:2,2011-Q2,,13347.0,Number Of Units,2011 2Q,13347,93,raw/tabledata_M400841_de38dc09e41862f3.json,b38f66e16b6b5306d909a952261590aeb59a77e9c7cbc40730383d86abde2bc8
M400841:2,2011-Q3,,15520.0,Number Of Units,2011 3Q,15520,94,raw/tabledata_M400841_de38dc09e41862f3.json,b38f66e16b6b5306d909a952261590aeb59a77e9c7cbc40730383d86abde2bc8
M400841:2,2011-Q4,,15980.0,Number Of Units,2011 4Q,15980,95,raw/tabledata_M400841_de38dc09e41862f3.json,b38f66e16b6b5306d909a952261590aeb59a77e9c7cbc40730383d86abde2bc8
M400841:2,2012-Q1,,16127.0,Number Of Units,2012 1Q,16127,96,raw/tabledata_M400841_de38dc09e41862f3.json,b38f66e16b6b5306d909a952261590aeb59a77e9c7cbc40730383d86abde2bc8
M400841:2,2012-Q2,,16115.0,Number Of Units,2012 2Q,16115,97,raw/tabledata_M400841_de38dc09e41862f3.json,b38f66e16b6b5306d909a952261590aeb59a77e9c7cbc40730383d86abde2bc8
M400841:2,2012-Q3,,16877.0,Number Of Units,2012 3Q,16877,98,raw/tabledata_M400841_de38dc09e41862f3.json,b38f66e16b6b5306d909a952261590aeb59a77e9c7cbc40730383d86abde2bc8
M400841:2,2012-Q4,,14869.0,Number Of Units,2012 4Q,14869,99,raw/tabledata_M400841_de38dc09e41862f3.json,b38f66e16b6b5306d909a952261590aeb59a77e9c7cbc40730383d86abde2bc8
M400841:2,2013-Q1,,14532.0,Number Of Units,2013 1Q,14532,100,raw/tabledata_M400841_de38dc09e41862f3.json,b38f66e16b6b5306d909a952261590aeb59a77e9c7cbc40730383d86abde2bc8
M400841:2,2013-Q2,,15833.0,Number Of Units,2013 2Q,15833,101,raw/tabledata_M400841_de38dc09e41862f3.json,b38f66e16b6b5306d909a952261590aeb59a77e9c7cbc40730383d86abde2bc8
M400841:2,2013-Q3,,17459.0,Number Of Units,2013 3Q,17459,102,raw/tabledata_M400841_de38dc09e41862f3.json,b38f66e16b6b5306d909a952261590aeb59a77e9c7cbc40730383d86abde2bc8
M400841:2,2013-Q4,,18003.0,Number Of Units,2013 4Q,18003,103,raw/tabledata_M400841_de38dc09e41862f3.json,b38f66e16b6b5306d909a952261590aeb59a77e9c7cbc40730383d86abde2bc8
M400841:2,2014-Q1,,19284.0,Number Of Units,2014 1Q,19284,104,raw/tabledata_M400841_de38dc09e41862f3.json,b38f66e16b6b5306d909a952261590aeb59a77e9c7cbc40730383d86abde2bc8
M400841:2,2014-Q2,,21268.0,Number Of Units,2014 2Q,21268,105,raw/tabledata_M400841_de38dc09e41862f3.json,b38f66e16b6b5306d909a952261590aeb59a77e9c7cbc40730383d86abde2bc8
M400841:2,2014-Q3,,21569.0,Number Of Units,2014 3Q,21569,106,raw/tabledata_M400841_de38dc09e41862f3.json,b38f66e16b6b5306d909a952261590aeb59a77e9c7cbc40730383d86abde2bc8
M400841:2,2014-Q4,,24062.0,Number Of Units,2014 4Q,24062,107,raw/tabledata_M400841_de38dc09e41862f3.json,b38f66e16b6b5306d909a952261590aeb59a77e9c7cbc40730383d86abde2bc8
M400841:2,2015-Q1,,22346.0,Number Of Units,2015 1Q,22346,108,raw/tabledata_M400841_de38dc09e41862f3.json,b38f66e16b6b5306d909a952261590aeb59a77e9c7cbc40730383d86abde2bc8
M400841:2,2015-Q2,,25071.0,Number Of Units,2015 2Q,25071,109,raw/tabledata_M400841_de38dc09e41862f3.json,b38f66e16b6b5306d909a952261590aeb59a77e9c7cbc40730383d86abde2bc8
M400841:2,2015-Q3,,25169.0,Number Of Units,2015 3Q,25169,110,raw/tabledata_M400841_de38dc09e41862f3.json,b38f66e16b6b5306d909a952261590aeb59a77e9c7cbc40730383d86abde2bc8
M400841:2,2015-Q4,,26517.0,Number Of Units,2015 4Q,26517,111,raw/tabledata_M400841_de38dc09e41862f3.json,b38f66e16b6b5306d909a952261590aeb59a77e9c7cbc40730383d86abde2bc8
M400841:2,2016-Q1,,24919.0,Number Of Units,2016 1Q,24919,112,raw/tabledata_M400841_de38dc09e41862f3.json,b38f66e16b6b5306d909a952261590aeb59a77e9c7cbc40730383d86abde2bc8
M400841:2,2016-Q2,,30310.0,Number Of Units,2016 2Q,30310,113,raw/tabledata_M400841_de38dc09e41862f3.json,b38f66e16b6b5306d909a952261590aeb59a77e9c7cbc40730383d86abde2bc8
M400841:2,2016-Q3,,29836.0,Number Of Units,2016 3Q,29836,114,raw/tabledata_M400841_de38dc09e41862f3.json,b38f66e16b6b5306d909a952261590aeb59a77e9c7cbc40730383d86abde2bc8
M400841:2,2016-Q4,,29197.0,Number Of Units,2016 4Q,29197,115,raw/tabledata_M400841_de38dc09e41862f3.json,b38f66e16b6b5306d909a952261590aeb59a77e9c7cbc40730383d86abde2bc8
M400841:2,2017-Q1,,28442.0,Number Of Units,2017 1Q,28442,116,raw/tabledata_M400841_de38dc09e41862f3.json,b38f66e16b6b5306d909a952261590aeb59a77e9c7cbc40730383d86abde2bc8
M400841:2,2017-Q2,,28888.0,Number Of Units,2017 2Q,28888,117,raw/tabledata_M400841_de38dc09e41862f3.json,b38f66e16b6b5306d909a952261590aeb59a77e9c7cbc40730383d86abde2bc8
M400841:2,2017-Q3,,30136.0,Number Of Units,2017 3Q,30136,118,raw/tabledata_M400841_de38dc09e41862f3.json,b38f66e16b6b5306d909a952261590aeb59a77e9c7cbc40730383d86abde2bc8
M400841:2,2017-Q4,,28560.0,Number Of Units,2017 4Q,28560,119,raw/tabledata_M400841_de38dc09e41862f3.json,b38f66e16b6b5306d909a952261590aeb59a77e9c7cbc40730383d86abde2bc8
M400841:2,2018-Q1,,26906.0,Number Of Units,2018 1Q,26906,120,raw/tabledata_M400841_de38dc09e41862f3.json,b38f66e16b6b5306d909a952261590aeb59a77e9c7cbc40730383d86abde2bc8
M400841:2,2018-Q2,,26064.0,Number Of Units,2018 2Q,26064,121,raw/tabledata_M400841_de38dc09e41862f3.json,b38f66e16b6b5306d909a952261590aeb59a77e9c7cbc40730383d86abde2bc8
M400841:2,2018-Q3,,25105.0,Number Of Units,2018 3Q,25105,122,raw/tabledata_M400841_de38dc09e41862f3.json,b38f66e16b6b5306d909a952261590aeb59a77e9c7cbc40730383d86abde2bc8
M400841:2,2018-Q4,,23596.0,Number Of Units,2018 4Q,23596,123,raw/tabledata_M400841_de38dc09e41862f3.json,b38f66e16b6b5306d909a952261590aeb59a77e9c7cbc40730383d86abde2bc8
M400841:2,2019-Q1,,23357.0,Number Of Units,2019 1Q,23357,124,raw/tabledata_M400841_de38dc09e41862f3.json,b38f66e16b6b5306d909a952261590aeb59a77e9c7cbc40730383d86abde2bc8
M400841:2,2019-Q2,,23636.0,Number Of Units,2019 2Q,23636,125,raw/tabledata_M400841_de38dc09e41862f3.json,b38f66e16b6b5306d909a952261590aeb59a77e9c7cbc40730383d86abde2bc8
M400841:2,2019-Q3,,22819.0,Number Of Units,2019 3Q,22819,126,raw/tabledata_M400841_de38dc09e41862f3.json,b38f66e16b6b5306d909a952261590aeb59a77e9c7cbc40730383d86abde2bc8
M400841:2,2019-Q4,,20479.0,Number Of Units,2019 4Q,20479,127,raw/tabledata_M400841_de38dc09e41862f3.json,b38f66e16b6b5306d909a952261590aeb59a77e9c7cbc40730383d86abde2bc8
M400841:2,2020-Q1,,20322.0,Number Of Units,2020 1Q,20322,128,raw/tabledata_M400841_de38dc09e41862f3.json,b38f66e16b6b5306d909a952261590aeb59a77e9c7cbc40730383d86abde2bc8
M400841:2,2020-Q2,,20162.0,Number Of Units,2020 2Q,20162,129,raw/tabledata_M400841_de38dc09e41862f3.json,b38f66e16b6b5306d909a952261590aeb59a77e9c7cbc40730383d86abde2bc8
M400841:2,2020-Q3,,23171.0,Number Of Units,2020 3Q,23171,130,raw/tabledata_M400841_de38dc09e41862f3.json,b38f66e16b6b5306d909a952261590aeb59a77e9c7cbc40730383d86abde2bc8
M400841:2,2020-Q4,,26394.0,Number Of Units,2020 4Q,26394,131,raw/tabledata_M400841_de38dc09e41862f3.json,b38f66e16b6b5306d909a952261590aeb59a77e9c7cbc40730383d86abde2bc8
M400841:2,2021-Q1,,24229.0,Number Of Units,2021 1Q,24229,132,raw/tabledata_M400841_de38dc09e41862f3.json,b38f66e16b6b5306d909a952261590aeb59a77e9c7cbc40730383d86abde2bc8
M400841:2,2021-Q2,,23854.0,Number Of Units,2021 2Q,23854,133,raw/tabledata_M400841_de38dc09e41862f3.json,b38f66e16b6b5306d909a952261590aeb59a77e9c7cbc40730383d86abde2bc8
M400841:2,2021-Q3,,24199.0,Number Of Units,2021 3Q,24199,134,raw/tabledata_M400841_de38dc09e41862f3.json,b38f66e16b6b5306d909a952261590aeb59a77e9c7cbc40730383d86abde2bc8
M400841:2,2021-Q4,,23060.0,Number Of Units,2021 4Q,23060,135,raw/tabledata_M400841_de38dc09e41862f3.json,b38f66e16b6b5306d909a952261590aeb59a77e9c7cbc40730383d86abde2bc8
M400841:2,2022-Q1,,20299.0,Number Of Units,2022 1Q,20299,136,raw/tabledata_M400841_de38dc09e41862f3.json,b38f66e16b6b5306d909a952261590aeb59a77e9c7cbc40730383d86abde2bc8
M400841:2,2022-Q2,,20765.0,Number Of Units,2022 2Q,20765,137,raw/tabledata_M400841_de38dc09e41862f3.json,b38f66e16b6b5306d909a952261590aeb59a77e9c7cbc40730383d86abde2bc8
M400841:2,2022-Q3,,21898.0,Number Of Units,2022 3Q,21898,138,raw/tabledata_M400841_de38dc09e41862f3.json,b38f66e16b6b5306d909a952261590aeb59a77e9c7cbc40730383d86abde2bc8
M400841:2,2022-Q4,,21647.0,Number Of Units,2022 4Q,21647,139,raw/tabledata_M400841_de38dc09e41862f3.json,b38f66e16b6b5306d909a952261590aeb59a77e9c7cbc40730383d86abde2bc8
M400841:2,2023-Q1,,23624.0,Number Of Units,2023 1Q,23624,140,raw/tabledata_M400841_de38dc09e41862f3.json,b38f66e16b6b5306d909a952261590aeb59a77e9c7cbc40730383d86abde2bc8
M400841:2,2023-Q2,,25052.0,Number Of Units,2023 2Q,25052,141,raw/tabledata_M400841_de38dc09e41862f3.json,b38f66e16b6b5306d909a952261590aeb59a77e9c7cbc40730383d86abde2bc8
M400841:2,2023-Q3,,34341.0,Number Of Units,2023 3Q,34341,142,raw/tabledata_M400841_de38dc09e41862f3.json,b38f66e16b6b5306d909a952261590aeb59a77e9c7cbc40730383d86abde2bc8
M400841:2,2023-Q4,,33340.0,Number Of Units,2023 4Q,33340,143,raw/tabledata_M400841_de38dc09e41862f3.json,b38f66e16b6b5306d909a952261590aeb59a77e9c7cbc40730383d86abde2bc8
M400841:2,2024-Q1,,27729.0,Number Of Units,2024 1Q,27729,144,raw/tabledata_M400841_de38dc09e41862f3.json,b38f66e16b6b5306d909a952261590aeb59a77e9c7cbc40730383d86abde2bc8
M400841:2,2024-Q2,,25169.0,Number Of Units,2024 2Q,25169,145,raw/tabledata_M400841_de38dc09e41862f3.json,b38f66e16b6b5306d909a952261590aeb59a77e9c7cbc40730383d86abde2bc8
M400841:2,2024-Q3,,29889.0,Number Of Units,2024 3Q,29889,146,raw/tabledata_M400841_de38dc09e41862f3.json,b38f66e16b6b5306d909a952261590aeb59a77e9c7cbc40730383d86abde2bc8
M400841:2,2024-Q4,,27531.0,Number Of Units,2024 4Q,27531,147,raw/tabledata_M400841_de38dc09e41862f3.json,b38f66e16b6b5306d909a952261590aeb59a77e9c7cbc40730383d86abde2bc8
M400841:2,2025-Q1,,27169.0,Number Of Units,2025 1Q,27169,148,raw/tabledata_M400841_de38dc09e41862f3.json,b38f66e16b6b5306d909a952261590aeb59a77e9c7cbc40730383d86abde2bc8
M400841:2,2025-Q2,,30027.0,Number Of Units,2025 2Q,30027,149,raw/tabledata_M400841_de38dc09e41862f3.json,b38f66e16b6b5306d909a952261590aeb59a77e9c7cbc40730383d86abde2bc8
M400841:2,2025-Q3,,28901.0,Number Of Units,2025 3Q,28901,150,raw/tabledata_M400841_de38dc09e41862f3.json,b38f66e16b6b5306d909a952261590aeb59a77e9c7cbc40730383d86abde2bc8
M400841:2,2025-Q4,,25570.0,Number Of Units,2025 4Q,25570,151,raw/tabledata_M400841_de38dc09e41862f3.json,b38f66e16b6b5306d909a952261590aeb59a77e9c7cbc40730383d86abde2bc8
M400841:2,2026-Q1,,26158.0,Number Of Units,2026 1Q,26158,152,raw/tabledata_M400841_de38dc09e41862f3.json,b38f66e16b6b5306d909a952261590aeb59a77e9c7cbc40730383d86abde2bc8
M400841:2,2026-Q2,,26961.0,Number Of Units,2026 2Q,26961,153,raw/tabledata_M400841_de38dc09e41862f3.json,b38f66e16b6b5306d909a952261590aeb59a77e9c7cbc40730383d86abde2bc8
M400391:2,1993-Q2,,41145.0,Number Of Units,1993 2Q,41145,0,raw/tabledata_M400391_fb25f7621ca819ff.json,eea996c10aff041ed6a245a2a80fe0a0588c278f7c9fd4045bd2f8206a3d7c59
M400391:2,1993-Q3,,45149.0,Number Of Units,1993 3Q,45149,1,raw/tabledata_M400391_fb25f7621ca819ff.json,eea996c10aff041ed6a245a2a80fe0a0588c278f7c9fd4045bd2f8206a3d7c59
M400391:2,1993-Q4,,54015.0,Number Of Units,1993 4Q,54015,2,raw/tabledata_M400391_fb25f7621ca819ff.json,eea996c10aff041ed6a245a2a80fe0a0588c278f7c9fd4045bd2f8206a3d7c59
M400391:2,1994-Q1,,54870.0,Number Of Units,1994 1Q,54870,3,raw/tabledata_M400391_fb25f7621ca819ff.json,eea996c10aff041ed6a245a2a80fe0a0588c278f7c9fd4045bd2f8206a3d7c59
M400391:2,1994-Q2,,55033.0,Number Of Units,1994 2Q,55033,4,raw/tabledata_M400391_fb25f7621ca819ff.json,eea996c10aff041ed6a245a2a80fe0a0588c278f7c9fd4045bd2f8206a3d7c59
M400391:2,1994-Q3,,56134.0,Number Of Units,1994 3Q,56134,5,raw/tabledata_M400391_fb25f7621ca819ff.json,eea996c10aff041ed6a245a2a80fe0a0588c278f7c9fd4045bd2f8206a3d7c59
M400391:2,1994-Q4,,61575.0,Number Of Units,1994 4Q,61575,6,raw/tabledata_M400391_fb25f7621ca819ff.json,eea996c10aff041ed6a245a2a80fe0a0588c278f7c9fd4045bd2f8206a3d7c59
M400391:2,1995-Q1,,62023.0,Number Of Units,1995 1Q,62023,7,raw/tabledata_M400391_fb25f7621ca819ff.json,eea996c10aff041ed6a245a2a80fe0a0588c278f7c9fd4045bd2f8206a3d7c59
M400391:2,1995-Q2,,63177.0,Number Of Units,1995 2Q,63177,8,raw/tabledata_M400391_fb25f7621ca819ff.json,eea996c10aff041ed6a245a2a80fe0a0588c278f7c9fd4045bd2f8206a3d7c59
M400391:2,1995-Q3,,64072.0,Number Of Units,1995 3Q,64072,9,raw/tabledata_M400391_fb25f7621ca819ff.json,eea996c10aff041ed6a245a2a80fe0a0588c278f7c9fd4045bd2f8206a3d7c59
M400391:2,1995-Q4,,69732.0,Number Of Units,1995 4Q,69732,10,raw/tabledata_M400391_fb25f7621ca819ff.json,eea996c10aff041ed6a245a2a80fe0a0588c278f7c9fd4045bd2f8206a3d7c59
M400391:2,1996-Q1,,73342.0,Number Of Units,1996 1Q,73342,11,raw/tabledata_M400391_fb25f7621ca819ff.json,eea996c10aff041ed6a245a2a80fe0a0588c278f7c9fd4045bd2f8206a3d7c59
M400391:2,1996-Q2,,79533.0,Number Of Units,1996 2Q,79533,12,raw/tabledata_M400391_fb25f7621ca819ff.json,eea996c10aff041ed6a245a2a80fe0a0588c278f7c9fd4045bd2f8206a3d7c59
M400391:2,1996-Q3,,79104.0,Number Of Units,1996 3Q,79104,13,raw/tabledata_M400391_fb25f7621ca819ff.json,eea996c10aff041ed6a245a2a80fe0a0588c278f7c9fd4045bd2f8206a3d7c59
M400391:2,1996-Q4,,85574.0,Number Of Units,1996 4Q,85574,14,raw/tabledata_M400391_fb25f7621ca819ff.json,eea996c10aff041ed6a245a2a80fe0a0588c278f7c9fd4045bd2f8206a3d7c59
M400391:2,1997-Q1,,83099.0,Number Of Units,1997 1Q,83099,15,raw/tabledata_M400391_fb25f7621ca819ff.json,eea996c10aff041ed6a245a2a80fe0a0588c278f7c9fd4045bd2f8206a3d7c59
M400391:2,1997-Q2,,82006.0,Number Of Units,1997 2Q,82006,16,raw/tabledata_M400391_fb25f7621ca819ff.json,eea996c10aff041ed6a245a2a80fe0a0588c278f7c9fd4045bd2f8206a3d7c59
M400391:2,1997-Q3,,74885.0,Number Of Units,1997 3Q,74885,17,raw/tabledata_M400391_fb25f7621ca819ff.json,eea996c10aff041ed6a245a2a80fe0a0588c278f7c9fd4045bd2f8206a3d7c59
M400391:2,1997-Q4,,76114.0,Number Of Units,1997 4Q,76114,18,raw/tabledata_M400391_fb25f7621ca819ff.json,eea996c10aff041ed6a245a2a80fe0a0588c278f7c9fd4045bd2f8206a3d7c59
M400391:2,1998-Q1,,70305.0,Number Of Units,1998 1Q,70305,19,raw/tabledata_M400391_fb25f7621ca819ff.json,eea996c10aff041ed6a245a2a80fe0a0588c278f7c9fd4045bd2f8206a3d7c59
M400391:2,1998-Q2,,58018.0,Number Of Units,1998 2Q,58018,20,raw/tabledata_M400391_fb25f7621ca819ff.json,eea996c10aff041ed6a245a2a80fe0a0588c278f7c9fd4045bd2f8206a3d7c59
M400391:2,1998-Q3,,55190.0,Number Of Units,1998 3Q,55190,21,raw/tabledata_M400391_fb25f7621ca819ff.json,eea996c10aff041ed6a245a2a80fe0a0588c278f7c9fd4045bd2f8206a3d7c59
M400391:2,1998-Q4,,54726.0,Number Of Units,1998 4Q,54726,22,raw/tabledata_M400391_fb25f7621ca819ff.json,eea996c10aff041ed6a245a2a80fe0a0588c278f7c9fd4045bd2f8206a3d7c59
M400391:2,1999-Q1,,52693.0,Number Of Units,1999 1Q,52693,23,raw/tabledata_M400391_fb25f7621ca819ff.json,eea996c10aff041ed6a245a2a80fe0a0588c278f7c9fd4045bd2f8206a3d7c59
M400391:2,1999-Q2,,51438.0,Number Of Units,1999 2Q,51438,24,raw/tabledata_M400391_fb25f7621ca819ff.json,eea996c10aff041ed6a245a2a80fe0a0588c278f7c9fd4045bd2f8206a3d7c59
M400391:2,1999-Q3,,55742.0,Number Of Units,1999 3Q,55742,25,raw/tabledata_M400391_fb25f7621ca819ff.json,eea996c10aff041ed6a245a2a80fe0a0588c278f7c9fd4045bd2f8206a3d7c59
M400391:2,1999-Q4,,55174.0,Number Of Units,1999 4Q,55174,26,raw/tabledata_M400391_fb25f7621ca819ff.json,eea996c10aff041ed6a245a2a80fe0a0588c278f7c9fd4045bd2f8206a3d7c59
M400391:2,2000-Q1,,55717.0,Number Of Units,2000 1Q,55717,27,raw/tabledata_M400391_fb25f7621ca819ff.json,eea996c10aff041ed6a245a2a80fe0a0588c278f7c9fd4045bd2f8206a3d7c59
M400391:2,2000-Q2,,52979.0,Number Of Units,2000 2Q,52979,28,raw/tabledata_M400391_fb25f7621ca819ff.json,eea996c10aff041ed6a245a2a80fe0a0588c278f7c9fd4045bd2f8206a3d7c59
M400391:2,2000-Q3,,52973.0,Number Of Units,2000 3Q,52973,29,raw/tabledata_M400391_fb25f7621ca819ff.json,eea996c10aff041ed6a245a2a80fe0a0588c278f7c9fd4045bd2f8206a3d7c59
M400391:2,2000-Q4,,53407.0,Number Of Units,2000 4Q,53407,30,raw/tabledata_M400391_fb25f7621ca819ff.json,eea996c10aff041ed6a245a2a80fe0a0588c278f7c9fd4045bd2f8206a3d7c59
M400391:2,2001-Q1,,52037.0,Number Of Units,2001 1Q,52037,31,raw/tabledata_M400391_fb25f7621ca819ff.json,eea996c10aff041ed6a245a2a80fe0a0588c278f7c9fd4045bd2f8206a3d7c59
M400391:2,2001-Q2,,51079.0,Number Of Units,2001 2Q,51079,32,raw/tabledata_M400391_fb25f7621ca819ff.json,eea996c10aff041ed6a245a2a80fe0a0588c278f7c9fd4045bd2f8206a3d7c59
M400391:2,2001-Q3,,49629.0,Number Of Units,2001 3Q,49629,33,raw/tabledata_M400391_fb25f7621ca819ff.json,eea996c10aff041ed6a245a2a80fe0a0588c278f7c9fd4045bd2f8206a3d7c59
M400391:2,2001-Q4,,46242.0,Number Of Units,2001 4Q,46242,34,raw/tabledata_M400391_fb25f7621ca819ff.json,eea996c10aff041ed6a245a2a80fe0a0588c278f7c9fd4045bd2f8206a3d7c59
M400391:2,2002-Q1,,46251.0,Number Of Units,2002 1Q,46251,35,raw/tabledata_M400391_fb25f7621ca819ff.json,eea996c10aff041ed6a245a2a80fe0a0588c278f7c9fd4045bd2f8206a3d7c59
M400391:2,2002-Q2,,45222.0,Number Of Units,2002 2Q,45222,36,raw/tabledata_M400391_fb25f7621ca819ff.json,eea996c10aff041ed6a245a2a80fe0a0588c278f7c9fd4045bd2f8206a3d7c59
M400391:2,2002-Q3,,44398.0,Number Of Units,2002 3Q,44398,37,raw/tabledata_M400391_fb25f7621ca819ff.json,eea996c10aff041ed6a245a2a80fe0a0588c278f7c9fd4045bd2f8206a3d7c59
M400391:2,2002-Q4,,46708.0,Number Of Units,2002 4Q,46708,38,raw/tabledata_M400391_fb25f7621ca819ff.json,eea996c10aff041ed6a245a2a80fe0a0588c278f7c9fd4045bd2f8206a3d7c59
M400391:2,2003-Q1,,46689.0,Number Of Units,2003 1Q,46689,39,raw/tabledata_M400391_fb25f7621ca819ff.json,eea996c10aff041ed6a245a2a80fe0a0588c278f7c9fd4045bd2f8206a3d7c59
M400391:2,2003-Q2,,45778.0,Number Of Units,2003 2Q,45778,40,raw/tabledata_M400391_fb25f7621ca819ff.json,eea996c10aff041ed6a245a2a80fe0a0588c278f7c9fd4045bd2f8206a3d7c59
M400391:2,2003-Q3,,46314.0,Number Of Units,2003 3Q,46314,41,raw/tabledata_M400391_fb25f7621ca819ff.json,eea996c10aff041ed6a245a2a80fe0a0588c278f7c9fd4045bd2f8206a3d7c59
M400391:2,2003-Q4,,46976.0,Number Of Units,2003 4Q,46976,42,raw/tabledata_M400391_fb25f7621ca819ff.json,eea996c10aff041ed6a245a2a80fe0a0588c278f7c9fd4045bd2f8206a3d7c59
M400391:2,2004-Q1,,45889.0,Number Of Units,2004 1Q,45889,43,raw/tabledata_M400391_fb25f7621ca819ff.json,eea996c10aff041ed6a245a2a80fe0a0588c278f7c9fd4045bd2f8206a3d7c59
M400391:2,2004-Q2,,44771.0,Number Of Units,2004 2Q,44771,44,raw/tabledata_M400391_fb25f7621ca819ff.json,eea996c10aff041ed6a245a2a80fe0a0588c278f7c9fd4045bd2f8206a3d7c59
M400391:2,2004-Q3,,43697.0,Number Of Units,2004 3Q,43697,45,raw/tabledata_M400391_fb25f7621ca819ff.json,eea996c10aff041ed6a245a2a80fe0a0588c278f7c9fd4045bd2f8206a3d7c59
M400391:2,2004-Q4,,42764.0,Number Of Units,2004 4Q,42764,46,raw/tabledata_M400391_fb25f7621ca819ff.json,eea996c10aff041ed6a245a2a80fe0a0588c278f7c9fd4045bd2f8206a3d7c59
M400391:2,2005-Q1,,42349.0,Number Of Units,2005 1Q,42349,47,raw/tabledata_M400391_fb25f7621ca819ff.json,eea996c10aff041ed6a245a2a80fe0a0588c278f7c9fd4045bd2f8206a3d7c59
M400391:2,2005-Q2,,41227.0,Number Of Units,2005 2Q,41227,48,raw/tabledata_M400391_fb25f7621ca819ff.json,eea996c10aff041ed6a245a2a80fe0a0588c278f7c9fd4045bd2f8206a3d7c59
M400391:2,2005-Q3,,42121.0,Number Of Units,2005 3Q,42121,49,raw/tabledata_M400391_fb25f7621ca819ff.json,eea996c10aff041ed6a245a2a80fe0a0588c278f7c9fd4045bd2f8206a3d7c59
M400391:2,2005-Q4,,43448.0,Number Of Units,2005 4Q,43448,50,raw/tabledata_M400391_fb25f7621ca819ff.json,eea996c10aff041ed6a245a2a80fe0a0588c278f7c9fd4045bd2f8206a3d7c59
M400391:2,2006-Q1,,44665.0,Number Of Units,2006 1Q,44665,51,raw/tabledata_M400391_fb25f7621ca819ff.json,eea996c10aff041ed6a245a2a80fe0a0588c278f7c9fd4045bd2f8206a3d7c59
M400391:2,2006-Q2,,47753.0,Number Of Units,2006 2Q,47753,52,raw/tabledata_M400391_fb25f7621ca819ff.json,eea996c10aff041ed6a245a2a80fe0a0588c278f7c9fd4045bd2f8206a3d7c59
M400391:2,2006-Q3,,49402.0,Number Of Units,2006 3Q,49402,53,raw/tabledata_M400391_fb25f7621ca819ff.json,eea996c10aff041ed6a245a2a80fe0a0588c278f7c9fd4045bd2f8206a3d7c59
M400391:2,2006-Q4,,49053.0,Number Of Units,2006 4Q,49053,54,raw/tabledata_M400391_fb25f7621ca819ff.json,eea996c10aff041ed6a245a2a80fe0a0588c278f7c9fd4045bd2f8206a3d7c59
M400391:2,2007-Q1,,53556.0,Number Of Units,2007 1Q,53556,55,raw/tabledata_M400391_fb25f7621ca819ff.json,eea996c10aff041ed6a245a2a80fe0a0588c278f7c9fd4045bd2f8206a3d7c59
M400391:2,2007-Q2,,61159.0,Number Of Units,2007 2Q,61159,56,raw/tabledata_M400391_fb25f7621ca819ff.json,eea996c10aff041ed6a245a2a80fe0a0588c278f7c9fd4045bd2f8206a3d7c59
M400391:2,2007-Q3,,65868.0,Number Of Units,2007 3Q,65868,57,raw/tabledata_M400391_fb25f7621ca819ff.json,eea996c10aff041ed6a245a2a80fe0a0588c278f7c9fd4045bd2f8206a3d7c59
M400391:2,2007-Q4,,69066.0,Number Of Units,2007 4Q,69066,58,raw/tabledata_M400391_fb25f7621ca819ff.json,eea996c10aff041ed6a245a2a80fe0a0588c278f7c9fd4045bd2f8206a3d7c59
M400391:2,2008-Q1,,68960.0,Number Of Units,2008 1Q,68960,59,raw/tabledata_M400391_fb25f7621ca819ff.json,eea996c10aff041ed6a245a2a80fe0a0588c278f7c9fd4045bd2f8206a3d7c59
M400391:2,2008-Q2,,66516.0,Number Of Units,2008 2Q,66516,60,raw/tabledata_M400391_fb25f7621ca819ff.json,eea996c10aff041ed6a245a2a80fe0a0588c278f7c9fd4045bd2f8206a3d7c59
M400391:2,2008-Q3,,62481.0,Number Of Units,2008 3Q,62481,61,raw/tabledata_M400391_fb25f7621ca819ff.json,eea996c10aff041ed6a245a2a80fe0a0588c278f7c9fd4045bd2f8206a3d7c59
M400391:2,2008-Q4,,61357.0,Number Of Units,2008 4Q,61357,62,raw/tabledata_M400391_fb25f7621ca819ff.json,eea996c10aff041ed6a245a2a80fe0a0588c278f7c9fd4045bd2f8206a3d7c59
M400391:2,2009-Q1,,59880.0,Number Of Units,2009 1Q,59880,63,raw/tabledata_M400391_fb25f7621ca819ff.json,eea996c10aff041ed6a245a2a80fe0a0588c278f7c9fd4045bd2f8206a3d7c59
M400391:2,2009-Q2,,58189.0,Number Of Units,2009 2Q,58189,64,raw/tabledata_M400391_fb25f7621ca819ff.json,eea996c10aff041ed6a245a2a80fe0a0588c278f7c9fd4045bd2f8206a3d7c59
M400391:2,2009-Q3,,57880.0,Number Of Units,2009 3Q,57880,65,raw/tabledata_M400391_fb25f7621ca819ff.json,eea996c10aff041ed6a245a2a80fe0a0588c278f7c9fd4045bd2f8206a3d7c59
M400391:2,2009-Q4,,62240.0,Number Of Units,2009 4Q,62240,66,raw/tabledata_M400391_fb25f7621ca819ff.json,eea996c10aff041ed6a245a2a80fe0a0588c278f7c9fd4045bd2f8206a3d7c59
M400391:2,2010-Q1,,63729.0,Number Of Units,2010 1Q,63729,67,raw/tabledata_M400391_fb25f7621ca819ff.json,eea996c10aff041ed6a245a2a80fe0a0588c278f7c9fd4045bd2f8206a3d7c59
M400391:2,2010-Q2,,68544.0,Number Of Units,2010 2Q,68544,68,raw/tabledata_M400391_fb25f7621ca819ff.json,eea996c10aff041ed6a245a2a80fe0a0588c278f7c9fd4045bd2f8206a3d7c59
M400391:2,2010-Q3,,69054.0,Number Of Units,2010 3Q,69054,69,raw/tabledata_M400391_fb25f7621ca819ff.json,eea996c10aff041ed6a245a2a80fe0a0588c278f7c9fd4045bd2f8206a3d7c59
M400391:2,2010-Q4,,75514.0,Number Of Units,2010 4Q,75514,70,raw/tabledata_M400391_fb25f7621ca819ff.json,eea996c10aff041ed6a245a2a80fe0a0588c278f7c9fd4045bd2f8206a3d7c59
M400391:2,2011-Q1,,76128.0,Number Of Units,2011 1Q,76128,71,raw/tabledata_M400391_fb25f7621ca819ff.json,eea996c10aff041ed6a245a2a80fe0a0588c278f7c9fd4045bd2f8206a3d7c59
M400391:2,2011-Q2,,83241.0,Number Of Units,2011 2Q,83241,72,raw/tabledata_M400391_fb25f7621ca819ff.json,eea996c10aff041ed6a245a2a80fe0a0588c278f7c9fd4045bd2f8206a3d7c59
M400391:2,2011-Q3,,82460.0,Number Of Units,2011 3Q,82460,73,raw/tabledata_M400391_fb25f7621ca819ff.json,eea996c10aff041ed6a245a2a80fe0a0588c278f7c9fd4045bd2f8206a3d7c59
M400391:2,2011-Q4,,85724.0,Number Of Units,2011 4Q,85724,74,raw/tabledata_M400391_fb25f7621ca819ff.json,eea996c10aff041ed6a245a2a80fe0a0588c278f7c9fd4045bd2f8206a3d7c59
M400391:2,2012-Q1,,85954.0,Number Of Units,2012 1Q,85954,75,raw/tabledata_M400391_fb25f7621ca819ff.json,eea996c10aff041ed6a245a2a80fe0a0588c278f7c9fd4045bd2f8206a3d7c59
M400391:2,2012-Q2,,89087.0,Number Of Units,2012 2Q,89087,76,raw/tabledata_M400391_fb25f7621ca819ff.json,eea996c10aff041ed6a245a2a80fe0a0588c278f7c9fd4045bd2f8206a3d7c59
M400391:2,2012-Q3,,88084.0,Number Of Units,2012 3Q,88084,77,raw/tabledata_M400391_fb25f7621ca819ff.json,eea996c10aff041ed6a245a2a80fe0a0588c278f7c9fd4045bd2f8206a3d7c59
M400391:2,2012-Q4,,92370.0,Number Of Units,2012 4Q,92370,78,raw/tabledata_M400391_fb25f7621ca819ff.json,eea996c10aff041ed6a245a2a80fe0a0588c278f7c9fd4045bd2f8206a3d7c59
M400391:2,2013-Q1,,91408.0,Number Of Units,2013 1Q,91408,79,raw/tabledata_M400391_fb25f7621ca819ff.json,eea996c10aff041ed6a245a2a80fe0a0588c278f7c9fd4045bd2f8206a3d7c59
M400391:2,2013-Q2,,90948.0,Number Of Units,2013 2Q,90948,80,raw/tabledata_M400391_fb25f7621ca819ff.json,eea996c10aff041ed6a245a2a80fe0a0588c278f7c9fd4045bd2f8206a3d7c59
M400391:2,2013-Q3,,86981.0,Number Of Units,2013 3Q,86981,81,raw/tabledata_M400391_fb25f7621ca819ff.json,eea996c10aff041ed6a245a2a80fe0a0588c278f7c9fd4045bd2f8206a3d7c59
M400391:2,2013-Q4,,86541.0,Number Of Units,2013 4Q,86541,82,raw/tabledata_M400391_fb25f7621ca819ff.json,eea996c10aff041ed6a245a2a80fe0a0588c278f7c9fd4045bd2f8206a3d7c59
M400391:2,2014-Q1,,83044.0,Number Of Units,2014 1Q,83044,83,raw/tabledata_M400391_fb25f7621ca819ff.json,eea996c10aff041ed6a245a2a80fe0a0588c278f7c9fd4045bd2f8206a3d7c59
M400391:2,2014-Q2,,80476.0,Number Of Units,2014 2Q,80476,84,raw/tabledata_M400391_fb25f7621ca819ff.json,eea996c10aff041ed6a245a2a80fe0a0588c278f7c9fd4045bd2f8206a3d7c59
M400391:2,2014-Q3,,76383.0,Number Of Units,2014 3Q,76383,85,raw/tabledata_M400391_fb25f7621ca819ff.json,eea996c10aff041ed6a245a2a80fe0a0588c278f7c9fd4045bd2f8206a3d7c59
M400391:2,2014-Q4,,72279.0,Number Of Units,2014 4Q,72279,86,raw/tabledata_M400391_fb25f7621ca819ff.json,eea996c10aff041ed6a245a2a80fe0a0588c278f7c9fd4045bd2f8206a3d7c59
M400391:2,2015-Q1,,69520.0,Number Of Units,2015 1Q,69520,87,raw/tabledata_M400391_fb25f7621ca819ff.json,eea996c10aff041ed6a245a2a80fe0a0588c278f7c9fd4045bd2f8206a3d7c59
M400391:2,2015-Q2,,64437.0,Number Of Units,2015 2Q,64437,88,raw/tabledata_M400391_fb25f7621ca819ff.json,eea996c10aff041ed6a245a2a80fe0a0588c278f7c9fd4045bd2f8206a3d7c59
M400391:2,2015-Q3,,61715.0,Number Of Units,2015 3Q,61715,89,raw/tabledata_M400391_fb25f7621ca819ff.json,eea996c10aff041ed6a245a2a80fe0a0588c278f7c9fd4045bd2f8206a3d7c59
M400391:2,2015-Q4,,57867.0,Number Of Units,2015 4Q,57867,90,raw/tabledata_M400391_fb25f7621ca819ff.json,eea996c10aff041ed6a245a2a80fe0a0588c278f7c9fd4045bd2f8206a3d7c59
M400391:2,2016-Q1,,56015.0,Number Of Units,2016 1Q,56015,91,raw/tabledata_M400391_fb25f7621ca819ff.json,eea996c10aff041ed6a245a2a80fe0a0588c278f7c9fd4045bd2f8206a3d7c59
M400391:2,2016-Q2,,50339.0,Number Of Units,2016 2Q,50339,92,raw/tabledata_M400391_fb25f7621ca819ff.json,eea996c10aff041ed6a245a2a80fe0a0588c278f7c9fd4045bd2f8206a3d7c59
M400391:2,2016-Q3,,47702.0,Number Of Units,2016 3Q,47702,93,raw/tabledata_M400391_fb25f7621ca819ff.json,eea996c10aff041ed6a245a2a80fe0a0588c278f7c9fd4045bd2f8206a3d7c59
M400391:2,2016-Q4,,47016.0,Number Of Units,2016 4Q,47016,94,raw/tabledata_M400391_fb25f7621ca819ff.json,eea996c10aff041ed6a245a2a80fe0a0588c278f7c9fd4045bd2f8206a3d7c59
M400391:2,2017-Q1,,43457.0,Number Of Units,2017 1Q,43457,95,raw/tabledata_M400391_fb25f7621ca819ff.json,eea996c10aff041ed6a245a2a80fe0a0588c278f7c9fd4045bd2f8206a3d7c59
M400391:2,2017-Q2,,43465.0,Number Of Units,2017 2Q,43465,96,raw/tabledata_M400391_fb25f7621ca819ff.json,eea996c10aff041ed6a245a2a80fe0a0588c278f7c9fd4045bd2f8206a3d7c59
M400391:2,2017-Q3,,41858.0,Number Of Units,2017 3Q,41858,97,raw/tabledata_M400391_fb25f7621ca819ff.json,eea996c10aff041ed6a245a2a80fe0a0588c278f7c9fd4045bd2f8206a3d7c59
M400391:2,2017-Q4,,49618.0,Number Of Units,2017 4Q,49618,98,raw/tabledata_M400391_fb25f7621ca819ff.json,eea996c10aff041ed6a245a2a80fe0a0588c278f7c9fd4045bd2f8206a3d7c59
M400391:2,2018-Q1,,50907.0,Number Of Units,2018 1Q,50907,99,raw/tabledata_M400391_fb25f7621ca819ff.json,eea996c10aff041ed6a245a2a80fe0a0588c278f7c9fd4045bd2f8206a3d7c59
M400391:2,2018-Q2,,54402.0,Number Of Units,2018 2Q,54402,100,raw/tabledata_M400391_fb25f7621ca819ff.json,eea996c10aff041ed6a245a2a80fe0a0588c278f7c9fd4045bd2f8206a3d7c59
M400391:2,2018-Q3,,57156.0,Number Of Units,2018 3Q,57156,101,raw/tabledata_M400391_fb25f7621ca819ff.json,eea996c10aff041ed6a245a2a80fe0a0588c278f7c9fd4045bd2f8206a3d7c59
M400391:2,2018-Q4,,56602.0,Number Of Units,2018 4Q,56602,102,raw/tabledata_M400391_fb25f7621ca819ff.json,eea996c10aff041ed6a245a2a80fe0a0588c278f7c9fd4045bd2f8206a3d7c59
M400391:2,2019-Q1,,56130.0,Number Of Units,2019 1Q,56130,103,raw/tabledata_M400391_fb25f7621ca819ff.json,eea996c10aff041ed6a245a2a80fe0a0588c278f7c9fd4045bd2f8206a3d7c59
M400391:2,2019-Q2,,54737.0,Number Of Units,2019 2Q,54737,104,raw/tabledata_M400391_fb25f7621ca819ff.json,eea996c10aff041ed6a245a2a80fe0a0588c278f7c9fd4045bd2f8206a3d7c59
M400391:2,2019-Q3,,53757.0,Number Of Units,2019 3Q,53757,105,raw/tabledata_M400391_fb25f7621ca819ff.json,eea996c10aff041ed6a245a2a80fe0a0588c278f7c9fd4045bd2f8206a3d7c59
M400391:2,2019-Q4,,52514.0,Number Of Units,2019 4Q,52514,106,raw/tabledata_M400391_fb25f7621ca819ff.json,eea996c10aff041ed6a245a2a80fe0a0588c278f7c9fd4045bd2f8206a3d7c59
M400391:2,2020-Q1,,51222.0,Number Of Units,2020 1Q,51222,107,raw/tabledata_M400391_fb25f7621ca819ff.json,eea996c10aff041ed6a245a2a80fe0a0588c278f7c9fd4045bd2f8206a3d7c59
M400391:2,2020-Q2,,52116.0,Number Of Units,2020 2Q,52116,108,raw/tabledata_M400391_fb25f7621ca819ff.json,eea996c10aff041ed6a245a2a80fe0a0588c278f7c9fd4045bd2f8206a3d7c59
M400391:2,2020-Q3,,51514.0,Number Of Units,2020 3Q,51514,109,raw/tabledata_M400391_fb25f7621ca819ff.json,eea996c10aff041ed6a245a2a80fe0a0588c278f7c9fd4045bd2f8206a3d7c59
M400391:2,2020-Q4,,51449.0,Number Of Units,2020 4Q,51449,110,raw/tabledata_M400391_fb25f7621ca819ff.json,eea996c10aff041ed6a245a2a80fe0a0588c278f7c9fd4045bd2f8206a3d7c59
M400391:2,2021-Q1,,49910.0,Number Of Units,2021 1Q,49910,111,raw/tabledata_M400391_fb25f7621ca819ff.json,eea996c10aff041ed6a245a2a80fe0a0588c278f7c9fd4045bd2f8206a3d7c59
M400391:2,2021-Q2,,51386.0,Number Of Units,2021 2Q,51386,112,raw/tabledata_M400391_fb25f7621ca819ff.json,eea996c10aff041ed6a245a2a80fe0a0588c278f7c9fd4045bd2f8206a3d7c59
M400391:2,2021-Q3,,51176.0,Number Of Units,2021 3Q,51176,113,raw/tabledata_M400391_fb25f7621ca819ff.json,eea996c10aff041ed6a245a2a80fe0a0588c278f7c9fd4045bd2f8206a3d7c59
M400391:2,2021-Q4,,52602.0,Number Of Units,2021 4Q,52602,114,raw/tabledata_M400391_fb25f7621ca819ff.json,eea996c10aff041ed6a245a2a80fe0a0588c278f7c9fd4045bd2f8206a3d7c59
M400391:2,2022-Q1,,52802.0,Number Of Units,2022 1Q,52802,115,raw/tabledata_M400391_fb25f7621ca819ff.json,eea996c10aff041ed6a245a2a80fe0a0588c278f7c9fd4045bd2f8206a3d7c59
M400391:2,2022-Q2,,53879.0,Number Of Units,2022 2Q,53879,116,raw/tabledata_M400391_fb25f7621ca819ff.json,eea996c10aff041ed6a245a2a80fe0a0588c278f7c9fd4045bd2f8206a3d7c59
M400391:2,2022-Q3,,54171.0,Number Of Units,2022 3Q,54171,117,raw/tabledata_M400391_fb25f7621ca819ff.json,eea996c10aff041ed6a245a2a80fe0a0588c278f7c9fd4045bd2f8206a3d7c59
M400391:2,2022-Q4,,53846.0,Number Of Units,2022 4Q,53846,118,raw/tabledata_M400391_fb25f7621ca819ff.json,eea996c10aff041ed6a245a2a80fe0a0588c278f7c9fd4045bd2f8206a3d7c59
M400391:2,2023-Q1,,51703.0,Number Of Units,2023 1Q,51703,119,raw/tabledata_M400391_fb25f7621ca819ff.json,eea996c10aff041ed6a245a2a80fe0a0588c278f7c9fd4045bd2f8206a3d7c59
M400391:2,2023-Q2,,53472.0,Number Of Units,2023 2Q,53472,120,raw/tabledata_M400391_fb25f7621ca819ff.json,eea996c10aff041ed6a245a2a80fe0a0588c278f7c9fd4045bd2f8206a3d7c59
M400391:2,2023-Q3,,46146.0,Number Of Units,2023 3Q,46146,121,raw/tabledata_M400391_fb25f7621ca819ff.json,eea996c10aff041ed6a245a2a80fe0a0588c278f7c9fd4045bd2f8206a3d7c59
M400391:2,2023-Q4,,47191.0,Number Of Units,2023 4Q,47191,122,raw/tabledata_M400391_fb25f7621ca819ff.json,eea996c10aff041ed6a245a2a80fe0a0588c278f7c9fd4045bd2f8206a3d7c59
M400391:2,2024-Q1,,46335.0,Number Of Units,2024 1Q,46335,123,raw/tabledata_M400391_fb25f7621ca819ff.json,eea996c10aff041ed6a245a2a80fe0a0588c278f7c9fd4045bd2f8206a3d7c59
M400391:2,2024-Q2,,49598.0,Number Of Units,2024 2Q,49598,124,raw/tabledata_M400391_fb25f7621ca819ff.json,eea996c10aff041ed6a245a2a80fe0a0588c278f7c9fd4045bd2f8206a3d7c59
M400391:2,2024-Q3,,44997.0,Number Of Units,2024 3Q,44997,125,raw/tabledata_M400391_fb25f7621ca819ff.json,eea996c10aff041ed6a245a2a80fe0a0588c278f7c9fd4045bd2f8206a3d7c59
M400391:2,2024-Q4,,45934.0,Number Of Units,2024 4Q,45934,126,raw/tabledata_M400391_fb25f7621ca819ff.json,eea996c10aff041ed6a245a2a80fe0a0588c278f7c9fd4045bd2f8206a3d7c59
M400391:2,2025-Q1,,44134.0,Number Of Units,2025 1Q,44134,127,raw/tabledata_M400391_fb25f7621ca819ff.json,eea996c10aff041ed6a245a2a80fe0a0588c278f7c9fd4045bd2f8206a3d7c59
M400391:2,2025-Q2,,48474.0,Number Of Units,2025 2Q,48474,128,raw/tabledata_M400391_fb25f7621ca819ff.json,eea996c10aff041ed6a245a2a80fe0a0588c278f7c9fd4045bd2f8206a3d7c59
M400391:2,2025-Q3,,46787.0,Number Of Units,2025 3Q,46787,129,raw/tabledata_M400391_fb25f7621ca819ff.json,eea996c10aff041ed6a245a2a80fe0a0588c278f7c9fd4045bd2f8206a3d7c59
M400391:2,2025-Q4,,47358.0,Number Of Units,2025 4Q,47358,130,raw/tabledata_M400391_fb25f7621ca819ff.json,eea996c10aff041ed6a245a2a80fe0a0588c278f7c9fd4045bd2f8206a3d7c59
M400391:2,2026-Q1,,48111.0,Number Of Units,2026 1Q,48111,131,raw/tabledata_M400391_fb25f7621ca819ff.json,eea996c10aff041ed6a245a2a80fe0a0588c278f7c9fd4045bd2f8206a3d7c59
M400391:2,2026-Q2,,51677.0,Number Of Units,2026 2Q,51677,132,raw/tabledata_M400391_fb25f7621ca819ff.json,eea996c10aff041ed6a245a2a80fe0a0588c278f7c9fd4045bd2f8206a3d7c59
M213751:1,1961-01,,21.071,Index,1961 Jan,21.071,0,raw/tabledata_M213751_62f62cd25bf5df72.json,12c460c3f71a1a1e505894ec77d33ed9c9b289530e31965f69ffcde8c03cd114
M213751:1,1961-02,,21.094,Index,1961 Feb,21.094,1,raw/tabledata_M213751_62f62cd25bf5df72.json,12c460c3f71a1a1e505894ec77d33ed9c9b289530e31965f69ffcde8c03cd114
M213751:1,1961-03,,21.112,Index,1961 Mar,21.112,2,raw/tabledata_M213751_62f62cd25bf5df72.json,12c460c3f71a1a1e505894ec77d33ed9c9b289530e31965f69ffcde8c03cd114
M213751:1,1961-04,,20.77,Index,1961 Apr,20.77,3,raw/tabledata_M213751_62f62cd25bf5df72.json,12c460c3f71a1a1e505894ec77d33ed9c9b289530e31965f69ffcde8c03cd114
M213751:1,1961-05,,20.655,Index,1961 May,20.655,4,raw/tabledata_M213751_62f62cd25bf5df72.json,12c460c3f71a1a1e505894ec77d33ed9c9b289530e31965f69ffcde8c03cd114
M213751:1,1961-06,,20.801,Index,1961 Jun,20.801,5,raw/tabledata_M213751_62f62cd25bf5df72.json,12c460c3f71a1a1e505894ec77d33ed9c9b289530e31965f69ffcde8c03cd114
M213751:1,1961-07,,20.847,Index,1961 Jul,20.847,6,raw/tabledata_M213751_62f62cd25bf5df72.json,12c460c3f71a1a1e505894ec77d33ed9c9b289530e31965f69ffcde8c03cd114
M213751:1,1961-08,,21.054,Index,1961 Aug,21.054,7,raw/tabledata_M213751_62f62cd25bf5df72.json,12c460c3f71a1a1e505894ec77d33ed9c9b289530e31965f69ffcde8c03cd114
M213751:1,1961-09,,20.948,Index,1961 Sep,20.948,8,raw/tabledata_M213751_62f62cd25bf5df72.json,12c460c3f71a1a1e505894ec77d33ed9c9b289530e31965f69ffcde8c03cd114
M213751:1,1961-10,,21.007,Index,1961 Oct,21.007,9,raw/tabledata_M213751_62f62cd25bf5df72.json,12c460c3f71a1a1e505894ec77d33ed9c9b289530e31965f69ffcde8c03cd114
M213751:1,1961-11,,21.057,Index,1961 Nov,21.057,10,raw/tabledata_M213751_62f62cd25bf5df72.json,12c460c3f71a1a1e505894ec77d33ed9c9b289530e31965f69ffcde8c03cd114
M213751:1,1961-12,,21.024,Index,1961 Dec,21.024,11,raw/tabledata_M213751_62f62cd25bf5df72.json,12c460c3f71a1a1e505894ec77d33ed9c9b289530e31965f69ffcde8c03cd114
M213751:1,1962-01,,21.157,Index,1962 Jan,21.157,12,raw/tabledata_M213751_62f62cd25bf5df72.json,12c460c3f71a1a1e505894ec77d33ed9c9b289530e31965f69ffcde8c03cd114
M213751:1,1962-02,,21.277,Index,1962 Feb,21.277,13,raw/tabledata_M213751_62f62cd25bf5df72.json,12c460c3f71a1a1e505894ec77d33ed9c9b289530e31965f69ffcde8c03cd114
M213751:1,1962-03,,20.972,Index,1962 Mar,20.972,14,raw/tabledata_M213751_62f62cd25bf5df72.json,12c460c3f71a1a1e505894ec77d33ed9c9b289530e31965f69ffcde8c03cd114
M213751:1,1962-04,,20.868,Index,1962 Apr,20.868,15,raw/tabledata_M213751_62f62cd25bf5df72.json,12c460c3f71a1a1e505894ec77d33ed9c9b289530e31965f69ffcde8c03cd114
M213751:1,1962-05,,20.884,Index,1962 May,20.884,16,raw/tabledata_M213751_62f62cd25bf5df72.json,12c460c3f71a1a1e505894ec77d33ed9c9b289530e31965f69ffcde8c03cd114
M213751:1,1962-06,,20.98,Index,1962 Jun,20.98,17,raw/tabledata_M213751_62f62cd25bf5df72.json,12c460c3f71a1a1e505894ec77d33ed9c9b289530e31965f69ffcde8c03cd114
M213751:1,1962-07,,21.029,Index,1962 Jul,21.029,18,raw/tabledata_M213751_62f62cd25bf5df72.json,12c460c3f71a1a1e505894ec77d33ed9c9b289530e31965f69ffcde8c03cd114
M213751:1,1962-08,,20.966,Index,1962 Aug,20.966,19,raw/tabledata_M213751_62f62cd25bf5df72.json,12c460c3f71a1a1e505894ec77d33ed9c9b289530e31965f69ffcde8c03cd114
M213751:1,1962-09,,21.056,Index,1962 Sep,21.056,20,raw/tabledata_M213751_62f62cd25bf5df72.json,12c460c3f71a1a1e505894ec77d33ed9c9b289530e31965f69ffcde8c03cd114
M213751:1,1962-10,,21.009,Index,1962 Oct,21.009,21,raw/tabledata_M213751_62f62cd25bf5df72.json,12c460c3f71a1a1e505894ec77d33ed9c9b289530e31965f69ffcde8c03cd114
M213751:1,1962-11,,21.145,Index,1962 Nov,21.145,22,raw/tabledata_M213751_62f62cd25bf5df72.json,12c460c3f71a1a1e505894ec77d33ed9c9b289530e31965f69ffcde8c03cd114
M213751:1,1962-12,,21.205,Index,1962 Dec,21.205,23,raw/tabledata_M213751_62f62cd25bf5df72.json,12c460c3f71a1a1e505894ec77d33ed9c9b289530e31965f69ffcde8c03cd114
M213751:1,1963-01,,21.613,Index,1963 Jan,21.613,24,raw/tabledata_M213751_62f62cd25bf5df72.json,12c460c3f71a1a1e505894ec77d33ed9c9b289530e31965f69ffcde8c03cd114
M213751:1,1963-02,,21.771,Index,1963 Feb,21.771,25,raw/tabledata_M213751_62f62cd25bf5df72.json,12c460c3f71a1a1e505894ec77d33ed9c9b289530e31965f69ffcde8c03cd114
M213751:1,1963-03,,21.361,Index,1963 Mar,21.361,26,raw/tabledata_M213751_62f62cd25bf5df72.json,12c460c3f71a1a1e505894ec77d33ed9c9b289530e31965f69ffcde8c03cd114
M213751:1,1963-04,,21.148,Index,1963 Apr,21.148,27,raw/tabledata_M213751_62f62cd25bf5df72.json,12c460c3f71a1a1e505894ec77d33ed9c9b289530e31965f69ffcde8c03cd114
M213751:1,1963-05,,21.255,Index,1963 May,21.255,28,raw/tabledata_M213751_62f62cd25bf5df72.json,12c460c3f71a1a1e505894ec77d33ed9c9b289530e31965f69ffcde8c03cd114
M213751:1,1963-06,,21.321,Index,1963 Jun,21.321,29,raw/tabledata_M213751_62f62cd25bf5df72.json,12c460c3f71a1a1e505894ec77d33ed9c9b289530e31965f69ffcde8c03cd114
M213751:1,1963-07,,21.263,Index,1963 Jul,21.263,30,raw/tabledata_M213751_62f62cd25bf5df72.json,12c460c3f71a1a1e505894ec77d33ed9c9b289530e31965f69ffcde8c03cd114
M213751:1,1963-08,,21.315,Index,1963 Aug,21.315,31,raw/tabledata_M213751_62f62cd25bf5df72.json,12c460c3f71a1a1e505894ec77d33ed9c9b289530e31965f69ffcde8c03cd114
M213751:1,1963-09,,21.409,Index,1963 Sep,21.409,32,raw/tabledata_M213751_62f62cd25bf5df72.json,12c460c3f71a1a1e505894ec77d33ed9c9b289530e31965f69ffcde8c03cd114
M213751:1,1963-10,,21.917,Index,1963 Oct,21.917,33,raw/tabledata_M213751_62f62cd25bf5df72.json,12c460c3f71a1a1e505894ec77d33ed9c9b289530e31965f69ffcde8c03cd114
M213751:1,1963-11,,21.757,Index,1963 Nov,21.757,34,raw/tabledata_M213751_62f62cd25bf5df72.json,12c460c3f71a1a1e505894ec77d33ed9c9b289530e31965f69ffcde8c03cd114
M213751:1,1963-12,,21.798,Index,1963 Dec,21.798,35,raw/tabledata_M213751_62f62cd25bf5df72.json,12c460c3f71a1a1e505894ec77d33ed9c9b289530e31965f69ffcde8c03cd114
M213751:1,1964-01,,21.93,Index,1964 Jan,21.93,36,raw/tabledata_M213751_62f62cd25bf5df72.json,12c460c3f71a1a1e505894ec77d33ed9c9b289530e31965f69ffcde8c03cd114
M213751:1,1964-02,,22.012,Index,1964 Feb,22.012,37,raw/tabledata_M213751_62f62cd25bf5df72.json,12c460c3f71a1a1e505894ec77d33ed9c9b289530e31965f69ffcde8c03cd114
M213751:1,1964-03,,21.933,Index,1964 Mar,21.933,38,raw/tabledata_M213751_62f62cd25bf5df72.json,12c460c3f71a1a1e505894ec77d33ed9c9b289530e31965f69ffcde8c03cd114
M213751:1,1964-04,,21.639,Index,1964 Apr,21.639,39,raw/tabledata_M213751_62f62cd25bf5df72.json,12c460c3f71a1a1e505894ec77d33ed9c9b289530e31965f69ffcde8c03cd114
M213751:1,1964-05,,21.648,Index,1964 May,21.648,40,raw/tabledata_M213751_62f62cd25bf5df72.json,12c460c3f71a1a1e505894ec77d33ed9c9b289530e31965f69ffcde8c03cd114
M213751:1,1964-06,,21.583,Index,1964 Jun,21.583,41,raw/tabledata_M213751_62f62cd25bf5df72.json,12c460c3f71a1a1e505894ec77d33ed9c9b289530e31965f69ffcde8c03cd114
M213751:1,1964-07,,21.685,Index,1964 Jul,21.685,42,raw/tabledata_M213751_62f62cd25bf5df72.json,12c460c3f71a1a1e505894ec77d33ed9c9b289530e31965f69ffcde8c03cd114
M213751:1,1964-08,,22.044,Index,1964 Aug,22.044,43,raw/tabledata_M213751_62f62cd25bf5df72.json,12c460c3f71a1a1e505894ec77d33ed9c9b289530e31965f69ffcde8c03cd114
M213751:1,1964-09,,21.985,Index,1964 Sep,21.985,44,raw/tabledata_M213751_62f62cd25bf5df72.json,12c460c3f71a1a1e505894ec77d33ed9c9b289530e31965f69ffcde8c03cd114
M213751:1,1964-10,,21.844,Index,1964 Oct,21.844,45,raw/tabledata_M213751_62f62cd25bf5df72.json,12c460c3f71a1a1e505894ec77d33ed9c9b289530e31965f69ffcde8c03cd114
M213751:1,1964-11,,21.831,Index,1964 Nov,21.831,46,raw/tabledata_M213751_62f62cd25bf5df72.json,12c460c3f71a1a1e505894ec77d33ed9c9b289530e31965f69ffcde8c03cd114
M213751:1,1964-12,,22.046,Index,1964 Dec,22.046,47,raw/tabledata_M213751_62f62cd25bf5df72.json,12c460c3f71a1a1e505894ec77d33ed9c9b289530e31965f69ffcde8c03cd114
M213751:1,1965-01,,22.099,Index,1965 Jan,22.099,48,raw/tabledata_M213751_62f62cd25bf5df72.json,12c460c3f71a1a1e505894ec77d33ed9c9b289530e31965f69ffcde8c03cd114
M213751:1,1965-02,,22.03,Index,1965 Feb,22.03,49,raw/tabledata_M213751_62f62cd25bf5df72.json,12c460c3f71a1a1e505894ec77d33ed9c9b289530e31965f69ffcde8c03cd114
M213751:1,1965-03,,21.887,Index,1965 Mar,21.887,50,raw/tabledata_M213751_62f62cd25bf5df72.json,12c460c3f71a1a1e505894ec77d33ed9c9b289530e31965f69ffcde8c03cd114
M213751:1,1965-04,,21.567,Index,1965 Apr,21.567,51,raw/tabledata_M213751_62f62cd25bf5df72.json,12c460c3f71a1a1e505894ec77d33ed9c9b289530e31965f69ffcde8c03cd114
M213751:1,1965-05,,21.737,Index,1965 May,21.737,52,raw/tabledata_M213751_62f62cd25bf5df72.json,12c460c3f71a1a1e505894ec77d33ed9c9b289530e31965f69ffcde8c03cd114
M213751:1,1965-06,,21.815,Index,1965 Jun,21.815,53,raw/tabledata_M213751_62f62cd25bf5df72.json,12c460c3f71a1a1e505894ec77d33ed9c9b289530e31965f69ffcde8c03cd114
M213751:1,1965-07,,21.681,Index,1965 Jul,21.681,54,raw/tabledata_M213751_62f62cd25bf5df72.json,12c460c3f71a1a1e505894ec77d33ed9c9b289530e31965f69ffcde8c03cd114
M213751:1,1965-08,,21.814,Index,1965 Aug,21.814,55,raw/tabledata_M213751_62f62cd25bf5df72.json,12c460c3f71a1a1e505894ec77d33ed9c9b289530e31965f69ffcde8c03cd114
M213751:1,1965-09,,21.884,Index,1965 Sep,21.884,56,raw/tabledata_M213751_62f62cd25bf5df72.json,12c460c3f71a1a1e505894ec77d33ed9c9b289530e31965f69ffcde8c03cd114
M213751:1,1965-10,,21.943,Index,1965 Oct,21.943,57,raw/tabledata_M213751_62f62cd25bf5df72.json,12c460c3f71a1a1e505894ec77d33ed9c9b289530e31965f69ffcde8c03cd114
M213751:1,1965-11,,22.098,Index,1965 Nov,22.098,58,raw/tabledata_M213751_62f62cd25bf5df72.json,12c460c3f71a1a1e505894ec77d33ed9c9b289530e31965f69ffcde8c03cd114
M213751:1,1965-12,,22.263,Index,1965 Dec,22.263,59,raw/tabledata_M213751_62f62cd25bf5df72.json,12c460c3f71a1a1e505894ec77d33ed9c9b289530e31965f69ffcde8c03cd114
M213751:1,1966-01,,22.534,Index,1966 Jan,22.534,60,raw/tabledata_M213751_62f62cd25bf5df72.json,12c460c3f71a1a1e505894ec77d33ed9c9b289530e31965f69ffcde8c03cd114
M213751:1,1966-02,,22.326,Index,1966 Feb,22.326,61,raw/tabledata_M213751_62f62cd25bf5df72.json,12c460c3f71a1a1e505894ec77d33ed9c9b289530e31965f69ffcde8c03cd114
M213751:1,1966-03,,22.148,Index,1966 Mar,22.148,62,raw/tabledata_M213751_62f62cd25bf5df72.json,12c460c3f71a1a1e505894ec77d33ed9c9b289530e31965f69ffcde8c03cd114
M213751:1,1966-04,,22.232,Index,1966 Apr,22.232,63,raw/tabledata_M213751_62f62cd25bf5df72.json,12c460c3f71a1a1e505894ec77d33ed9c9b289530e31965f69ffcde8c03cd114
M213751:1,1966-05,,22.187,Index,1966 May,22.187,64,raw/tabledata_M213751_62f62cd25bf5df72.json,12c460c3f71a1a1e505894ec77d33ed9c9b289530e31965f69ffcde8c03cd114
M213751:1,1966-06,,22.245,Index,1966 Jun,22.245,65,raw/tabledata_M213751_62f62cd25bf5df72.json,12c460c3f71a1a1e505894ec77d33ed9c9b289530e31965f69ffcde8c03cd114
M213751:1,1966-07,,22.331,Index,1966 Jul,22.331,66,raw/tabledata_M213751_62f62cd25bf5df72.json,12c460c3f71a1a1e505894ec77d33ed9c9b289530e31965f69ffcde8c03cd114
M213751:1,1966-08,,22.486,Index,1966 Aug,22.486,67,raw/tabledata_M213751_62f62cd25bf5df72.json,12c460c3f71a1a1e505894ec77d33ed9c9b289530e31965f69ffcde8c03cd114
M213751:1,1966-09,,22.352,Index,1966 Sep,22.352,68,raw/tabledata_M213751_62f62cd25bf5df72.json,12c460c3f71a1a1e505894ec77d33ed9c9b289530e31965f69ffcde8c03cd114
M213751:1,1966-10,,22.224,Index,1966 Oct,22.224,69,raw/tabledata_M213751_62f62cd25bf5df72.json,12c460c3f71a1a1e505894ec77d33ed9c9b289530e31965f69ffcde8c03cd114
M213751:1,1966-11,,22.471,Index,1966 Nov,22.471,70,raw/tabledata_M213751_62f62cd25bf5df72.json,12c460c3f71a1a1e505894ec77d33ed9c9b289530e31965f69ffcde8c03cd114
M213751:1,1966-12,,22.609,Index,1966 Dec,22.609,71,raw/tabledata_M213751_62f62cd25bf5df72.json,12c460c3f71a1a1e505894ec77d33ed9c9b289530e31965f69ffcde8c03cd114
M213751:1,1967-01,,22.92,Index,1967 Jan,22.92,72,raw/tabledata_M213751_62f62cd25bf5df72.json,12c460c3f71a1a1e505894ec77d33ed9c9b289530e31965f69ffcde8c03cd114
M213751:1,1967-02,,22.931,Index,1967 Feb,22.931,73,raw/tabledata_M213751_62f62cd25bf5df72.json,12c460c3f71a1a1e505894ec77d33ed9c9b289530e31965f69ffcde8c03cd114
M213751:1,1967-03,,22.807,Index,1967 Mar,22.807,74,raw/tabledata_M213751_62f62cd25bf5df72.json,12c460c3f71a1a1e505894ec77d33ed9c9b289530e31965f69ffcde8c03cd114
M213751:1,1967-04,,22.448,Index,1967 Apr,22.448,75,raw/tabledata_M213751_62f62cd25bf5df72.json,12c460c3f71a1a1e505894ec77d33ed9c9b289530e31965f69ffcde8c03cd114
M213751:1,1967-05,,22.653,Index,1967 May,22.653,76,raw/tabledata_M213751_62f62cd25bf5df72.json,12c460c3f71a1a1e505894ec77d33ed9c9b289530e31965f69ffcde8c03cd114
M213751:1,1967-06,,22.913,Index,1967 Jun,22.913,77,raw/tabledata_M213751_62f62cd25bf5df72.json,12c460c3f71a1a1e505894ec77d33ed9c9b289530e31965f69ffcde8c03cd114
M213751:1,1967-07,,23.226,Index,1967 Jul,23.226,78,raw/tabledata_M213751_62f62cd25bf5df72.json,12c460c3f71a1a1e505894ec77d33ed9c9b289530e31965f69ffcde8c03cd114
M213751:1,1967-08,,23.13,Index,1967 Aug,23.13,79,raw/tabledata_M213751_62f62cd25bf5df72.json,12c460c3f71a1a1e505894ec77d33ed9c9b289530e31965f69ffcde8c03cd114
M213751:1,1967-09,,23.317,Index,1967 Sep,23.317,80,raw/tabledata_M213751_62f62cd25bf5df72.json,12c460c3f71a1a1e505894ec77d33ed9c9b289530e31965f69ffcde8c03cd114
M213751:1,1967-10,,23.226,Index,1967 Oct,23.226,81,raw/tabledata_M213751_62f62cd25bf5df72.json,12c460c3f71a1a1e505894ec77d33ed9c9b289530e31965f69ffcde8c03cd114
M213751:1,1967-11,,23.449,Index,1967 Nov,23.449,82,raw/tabledata_M213751_62f62cd25bf5df72.json,12c460c3f71a1a1e505894ec77d33ed9c9b289530e31965f69ffcde8c03cd114
M213751:1,1967-12,,23.659,Index,1967 Dec,23.659,83,raw/tabledata_M213751_62f62cd25bf5df72.json,12c460c3f71a1a1e505894ec77d33ed9c9b289530e31965f69ffcde8c03cd114
M213751:1,1968-01,,23.681,Index,1968 Jan,23.681,84,raw/tabledata_M213751_62f62cd25bf5df72.json,12c460c3f71a1a1e505894ec77d33ed9c9b289530e31965f69ffcde8c03cd114
M213751:1,1968-02,,23.412,Index,1968 Feb,23.412,85,raw/tabledata_M213751_62f62cd25bf5df72.json,12c460c3f71a1a1e505894ec77d33ed9c9b289530e31965f69ffcde8c03cd114
M213751:1,1968-03,,23.327,Index,1968 Mar,23.327,86,raw/tabledata_M213751_62f62cd25bf5df72.json,12c460c3f71a1a1e505894ec77d33ed9c9b289530e31965f69ffcde8c03cd114
M213751:1,1968-04,,23.281,Index,1968 Apr,23.281,87,raw/tabledata_M213751_62f62cd25bf5df72.json,12c460c3f71a1a1e505894ec77d33ed9c9b289530e31965f69ffcde8c03cd114
M213751:1,1968-05,,23.024,Index,1968 May,23.024,88,raw/tabledata_M213751_62f62cd25bf5df72.json,12c460c3f71a1a1e505894ec77d33ed9c9b289530e31965f69ffcde8c03cd114
M213751:1,1968-06,,23.022,Index,1968 Jun,23.022,89,raw/tabledata_M213751_62f62cd25bf5df72.json,12c460c3f71a1a1e505894ec77d33ed9c9b289530e31965f69ffcde8c03cd114
M213751:1,1968-07,,23.138,Index,1968 Jul,23.138,90,raw/tabledata_M213751_62f62cd25bf5df72.json,12c460c3f71a1a1e505894ec77d33ed9c9b289530e31965f69ffcde8c03cd114
M213751:1,1968-08,,23.324,Index,1968 Aug,23.324,91,raw/tabledata_M213751_62f62cd25bf5df72.json,12c460c3f71a1a1e505894ec77d33ed9c9b289530e31965f69ffcde8c03cd114
M213751:1,1968-09,,23.188,Index,1968 Sep,23.188,92,raw/tabledata_M213751_62f62cd25bf5df72.json,12c460c3f71a1a1e505894ec77d33ed9c9b289530e31965f69ffcde8c03cd114
M213751:1,1968-10,,23.152,Index,1968 Oct,23.152,93,raw/tabledata_M213751_62f62cd25bf5df72.json,12c460c3f71a1a1e505894ec77d33ed9c9b289530e31965f69ffcde8c03cd114
M213751:1,1968-11,,23.101,Index,1968 Nov,23.101,94,raw/tabledata_M213751_62f62cd25bf5df72.json,12c460c3f71a1a1e505894ec77d33ed9c9b289530e31965f69ffcde8c03cd114
M213751:1,1968-12,,23.031,Index,1968 Dec,23.031,95,raw/tabledata_M213751_62f62cd25bf5df72.json,12c460c3f71a1a1e505894ec77d33ed9c9b289530e31965f69ffcde8c03cd114
M213751:1,1969-01,,23.062,Index,1969 Jan,23.062,96,raw/tabledata_M213751_62f62cd25bf5df72.json,12c460c3f71a1a1e505894ec77d33ed9c9b289530e31965f69ffcde8c03cd114
M213751:1,1969-02,,23.029,Index,1969 Feb,23.029,97,raw/tabledata_M213751_62f62cd25bf5df72.json,12c460c3f71a1a1e505894ec77d33ed9c9b289530e31965f69ffcde8c03cd114
M213751:1,1969-03,,23.159,Index,1969 Mar,23.159,98,raw/tabledata_M213751_62f62cd25bf5df72.json,12c460c3f71a1a1e505894ec77d33ed9c9b289530e31965f69ffcde8c03cd114
M213751:1,1969-04,,23.083,Index,1969 Apr,23.083,99,raw/tabledata_M213751_62f62cd25bf5df72.json,12c460c3f71a1a1e505894ec77d33ed9c9b289530e31965f69ffcde8c03cd114
M213751:1,1969-05,,23.309,Index,1969 May,23.309,100,raw/tabledata_M213751_62f62cd25bf5df72.json,12c460c3f71a1a1e505894ec77d33ed9c9b289530e31965f69ffcde8c03cd114
M213751:1,1969-06,,23.191,Index,1969 Jun,23.191,101,raw/tabledata_M213751_62f62cd25bf5df72.json,12c460c3f71a1a1e505894ec77d33ed9c9b289530e31965f69ffcde8c03cd114
M213751:1,1969-07,,23.112,Index,1969 Jul,23.112,102,raw/tabledata_M213751_62f62cd25bf5df72.json,12c460c3f71a1a1e505894ec77d33ed9c9b289530e31965f69ffcde8c03cd114
M213751:1,1969-08,,23.195,Index,1969 Aug,23.195,103,raw/tabledata_M213751_62f62cd25bf5df72.json,12c460c3f71a1a1e505894ec77d33ed9c9b289530e31965f69ffcde8c03cd114
M213751:1,1969-09,,23.232,Index,1969 Sep,23.232,104,raw/tabledata_M213751_62f62cd25bf5df72.json,12c460c3f71a1a1e505894ec77d33ed9c9b289530e31965f69ffcde8c03cd114
M213751:1,1969-10,,23.061,Index,1969 Oct,23.061,105,raw/tabledata_M213751_62f62cd25bf5df72.json,12c460c3f71a1a1e505894ec77d33ed9c9b289530e31965f69ffcde8c03cd114
M213751:1,1969-11,,23.297,Index,1969 Nov,23.297,106,raw/tabledata_M213751_62f62cd25bf5df72.json,12c460c3f71a1a1e505894ec77d33ed9c9b289530e31965f69ffcde8c03cd114
M213751:1,1969-12,,23.619,Index,1969 Dec,23.619,107,raw/tabledata_M213751_62f62cd25bf5df72.json,12c460c3f71a1a1e505894ec77d33ed9c9b289530e31965f69ffcde8c03cd114
M213751:1,1970-01,,23.287,Index,1970 Jan,23.287,108,raw/tabledata_M213751_62f62cd25bf5df72.json,12c460c3f71a1a1e505894ec77d33ed9c9b289530e31965f69ffcde8c03cd114
M213751:1,1970-02,,23.386,Index,1970 Feb,23.386,109,raw/tabledata_M213751_62f62cd25bf5df72.json,12c460c3f71a1a1e505894ec77d33ed9c9b289530e31965f69ffcde8c03cd114
M213751:1,1970-03,,23.102,Index,1970 Mar,23.102,110,raw/tabledata_M213751_62f62cd25bf5df72.json,12c460c3f71a1a1e505894ec77d33ed9c9b289530e31965f69ffcde8c03cd114
M213751:1,1970-04,,23.14,Index,1970 Apr,23.14,111,raw/tabledata_M213751_62f62cd25bf5df72.json,12c460c3f71a1a1e505894ec77d33ed9c9b289530e31965f69ffcde8c03cd114
M213751:1,1970-05,,23.155,Index,1970 May,23.155,112,raw/tabledata_M213751_62f62cd25bf5df72.json,12c460c3f71a1a1e505894ec77d33ed9c9b289530e31965f69ffcde8c03cd114
M213751:1,1970-06,,23.12,Index,1970 Jun,23.12,113,raw/tabledata_M213751_62f62cd25bf5df72.json,12c460c3f71a1a1e505894ec77d33ed9c9b289530e31965f69ffcde8c03cd114
M213751:1,1970-07,,23.349,Index,1970 Jul,23.349,114,raw/tabledata_M213751_62f62cd25bf5df72.json,12c460c3f71a1a1e505894ec77d33ed9c9b289530e31965f69ffcde8c03cd114
M213751:1,1970-08,,23.33,Index,1970 Aug,23.33,115,raw/tabledata_M213751_62f62cd25bf5df72.json,12c460c3f71a1a1e505894ec77d33ed9c9b289530e31965f69ffcde8c03cd114
M213751:1,1970-09,,23.291,Index,1970 Sep,23.291,116,raw/tabledata_M213751_62f62cd25bf5df72.json,12c460c3f71a1a1e505894ec77d33ed9c9b289530e31965f69ffcde8c03cd114
M213751:1,1970-10,,23.316,Index,1970 Oct,23.316,117,raw/tabledata_M213751_62f62cd25bf5df72.json,12c460c3f71a1a1e505894ec77d33ed9c9b289530e31965f69ffcde8c03cd114
M213751:1,1970-11,,23.263,Index,1970 Nov,23.263,118,raw/tabledata_M213751_62f62cd25bf5df72.json,12c460c3f71a1a1e505894ec77d33ed9c9b289530e31965f69ffcde8c03cd114
M213751:1,1970-12,,23.42,Index,1970 Dec,23.42,119,raw/tabledata_M213751_62f62cd25bf5df72.json,12c460c3f71a1a1e505894ec77d33ed9c9b289530e31965f69ffcde8c03cd114
M213751:1,1971-01,,24.111,Index,1971 Jan,24.111,120,raw/tabledata_M213751_62f62cd25bf5df72.json,12c460c3f71a1a1e505894ec77d33ed9c9b289530e31965f69ffcde8c03cd114
M213751:1,1971-02,,23.686,Index,1971 Feb,23.686,121,raw/tabledata_M213751_62f62cd25bf5df72.json,12c460c3f71a1a1e505894ec77d33ed9c9b289530e31965f69ffcde8c03cd114
M213751:1,1971-03,,23.575,Index,1971 Mar,23.575,122,raw/tabledata_M213751_62f62cd25bf5df72.json,12c460c3f71a1a1e505894ec77d33ed9c9b289530e31965f69ffcde8c03cd114
M213751:1,1971-04,,23.293,Index,1971 Apr,23.293,123,raw/tabledata_M213751_62f62cd25bf5df72.json,12c460c3f71a1a1e505894ec77d33ed9c9b289530e31965f69ffcde8c03cd114
M213751:1,1971-05,,23.541,Index,1971 May,23.541,124,raw/tabledata_M213751_62f62cd25bf5df72.json,12c460c3f71a1a1e505894ec77d33ed9c9b289530e31965f69ffcde8c03cd114
M213751:1,1971-06,,23.608,Index,1971 Jun,23.608,125,raw/tabledata_M213751_62f62cd25bf5df72.json,12c460c3f71a1a1e505894ec77d33ed9c9b289530e31965f69ffcde8c03cd114
M213751:1,1971-07,,23.729,Index,1971 Jul,23.729,126,raw/tabledata_M213751_62f62cd25bf5df72.json,12c460c3f71a1a1e505894ec77d33ed9c9b289530e31965f69ffcde8c03cd114
M213751:1,1971-08,,23.615,Index,1971 Aug,23.615,127,raw/tabledata_M213751_62f62cd25bf5df72.json,12c460c3f71a1a1e505894ec77d33ed9c9b289530e31965f69ffcde8c03cd114
M213751:1,1971-09,,23.796,Index,1971 Sep,23.796,128,raw/tabledata_M213751_62f62cd25bf5df72.json,12c460c3f71a1a1e505894ec77d33ed9c9b289530e31965f69ffcde8c03cd114
M213751:1,1971-10,,23.654,Index,1971 Oct,23.654,129,raw/tabledata_M213751_62f62cd25bf5df72.json,12c460c3f71a1a1e505894ec77d33ed9c9b289530e31965f69ffcde8c03cd114
M213751:1,1971-11,,23.787,Index,1971 Nov,23.787,130,raw/tabledata_M213751_62f62cd25bf5df72.json,12c460c3f71a1a1e505894ec77d33ed9c9b289530e31965f69ffcde8c03cd114
M213751:1,1971-12,,24.003,Index,1971 Dec,24.003,131,raw/tabledata_M213751_62f62cd25bf5df72.json,12c460c3f71a1a1e505894ec77d33ed9c9b289530e31965f69ffcde8c03cd114
M213751:1,1972-01,,24.035,Index,1972 Jan,24.035,132,raw/tabledata_M213751_62f62cd25bf5df72.json,12c460c3f71a1a1e505894ec77d33ed9c9b289530e31965f69ffcde8c03cd114
M213751:1,1972-02,,24.026,Index,1972 Feb,24.026,133,raw/tabledata_M213751_62f62cd25bf5df72.json,12c460c3f71a1a1e505894ec77d33ed9c9b289530e31965f69ffcde8c03cd114
M213751:1,1972-03,,23.981,Index,1972 Mar,23.981,134,raw/tabledata_M213751_62f62cd25bf5df72.json,12c460c3f71a1a1e505894ec77d33ed9c9b289530e31965f69ffcde8c03cd114
M213751:1,1972-04,,23.704,Index,1972 Apr,23.704,135,raw/tabledata_M213751_62f62cd25bf5df72.json,12c460c3f71a1a1e505894ec77d33ed9c9b289530e31965f69ffcde8c03cd114
M213751:1,1972-05,,23.798,Index,1972 May,23.798,136,raw/tabledata_M213751_62f62cd25bf5df72.json,12c460c3f71a1a1e505894ec77d33ed9c9b289530e31965f69ffcde8c03cd114
M213751:1,1972-06,,23.881,Index,1972 Jun,23.881,137,raw/tabledata_M213751_62f62cd25bf5df72.json,12c460c3f71a1a1e505894ec77d33ed9c9b289530e31965f69ffcde8c03cd114
M213751:1,1972-07,,24.025,Index,1972 Jul,24.025,138,raw/tabledata_M213751_62f62cd25bf5df72.json,12c460c3f71a1a1e505894ec77d33ed9c9b289530e31965f69ffcde8c03cd114
M213751:1,1972-08,,24.237,Index,1972 Aug,24.237,139,raw/tabledata_M213751_62f62cd25bf5df72.json,12c460c3f71a1a1e505894ec77d33ed9c9b289530e31965f69ffcde8c03cd114
M213751:1,1972-09,,24.409,Index,1972 Sep,24.409,140,raw/tabledata_M213751_62f62cd25bf5df72.json,12c460c3f71a1a1e505894ec77d33ed9c9b289530e31965f69ffcde8c03cd114
M213751:1,1972-10,,24.372,Index,1972 Oct,24.372,141,raw/tabledata_M213751_62f62cd25bf5df72.json,12c460c3f71a1a1e505894ec77d33ed9c9b289530e31965f69ffcde8c03cd114
M213751:1,1972-11,,24.61,Index,1972 Nov,24.61,142,raw/tabledata_M213751_62f62cd25bf5df72.json,12c460c3f71a1a1e505894ec77d33ed9c9b289530e31965f69ffcde8c03cd114
M213751:1,1972-12,,25.412,Index,1972 Dec,25.412,143,raw/tabledata_M213751_62f62cd25bf5df72.json,12c460c3f71a1a1e505894ec77d33ed9c9b289530e31965f69ffcde8c03cd114
M213751:1,1973-01,,25.338,Index,1973 Jan,25.338,144,raw/tabledata_M213751_62f62cd25bf5df72.json,12c460c3f71a1a1e505894ec77d33ed9c9b289530e31965f69ffcde8c03cd114
M213751:1,1973-02,,26.214,Index,1973 Feb,26.214,145,raw/tabledata_M213751_62f62cd25bf5df72.json,12c460c3f71a1a1e505894ec77d33ed9c9b289530e31965f69ffcde8c03cd114
M213751:1,1973-03,,26.316,Index,1973 Mar,26.316,146,raw/tabledata_M213751_62f62cd25bf5df72.json,12c460c3f71a1a1e505894ec77d33ed9c9b289530e31965f69ffcde8c03cd114
M213751:1,1973-04,,26.486,Index,1973 Apr,26.486,147,raw/tabledata_M213751_62f62cd25bf5df72.json,12c460c3f71a1a1e505894ec77d33ed9c9b289530e31965f69ffcde8c03cd114
M213751:1,1973-05,,27.663,Index,1973 May,27.663,148,raw/tabledata_M213751_62f62cd25bf5df72.json,12c460c3f71a1a1e505894ec77d33ed9c9b289530e31965f69ffcde8c03cd114
M213751:1,1973-06,,28.59,Index,1973 Jun,28.59,149,raw/tabledata_M213751_62f62cd25bf5df72.json,12c460c3f71a1a1e505894ec77d33ed9c9b289530e31965f69ffcde8c03cd114
M213751:1,1973-07,,29.95,Index,1973 Jul,29.95,150,raw/tabledata_M213751_62f62cd25bf5df72.json,12c460c3f71a1a1e505894ec77d33ed9c9b289530e31965f69ffcde8c03cd114
M213751:1,1973-08,,30.29,Index,1973 Aug,30.29,151,raw/tabledata_M213751_62f62cd25bf5df72.json,12c460c3f71a1a1e505894ec77d33ed9c9b289530e31965f69ffcde8c03cd114
M213751:1,1973-09,,30.296,Index,1973 Sep,30.296,152,raw/tabledata_M213751_62f62cd25bf5df72.json,12c460c3f71a1a1e505894ec77d33ed9c9b289530e31965f69ffcde8c03cd114
M213751:1,1973-10,,31.328,Index,1973 Oct,31.328,153,raw/tabledata_M213751_62f62cd25bf5df72.json,12c460c3f71a1a1e505894ec77d33ed9c9b289530e31965f69ffcde8c03cd114
M213751:1,1973-11,,32.677,Index,1973 Nov,32.677,154,raw/tabledata_M213751_62f62cd25bf5df72.json,12c460c3f71a1a1e505894ec77d33ed9c9b289530e31965f69ffcde8c03cd114
M213751:1,1973-12,,32.33,Index,1973 Dec,32.33,155,raw/tabledata_M213751_62f62cd25bf5df72.json,12c460c3f71a1a1e505894ec77d33ed9c9b289530e31965f69ffcde8c03cd114
M213751:1,1974-01,,33.738,Index,1974 Jan,33.738,156,raw/tabledata_M213751_62f62cd25bf5df72.json,12c460c3f71a1a1e505894ec77d33ed9c9b289530e31965f69ffcde8c03cd114
M213751:1,1974-02,,34.728,Index,1974 Feb,34.728,157,raw/tabledata_M213751_62f62cd25bf5df72.json,12c460c3f71a1a1e505894ec77d33ed9c9b289530e31965f69ffcde8c03cd114
M213751:1,1974-03,,35.333,Index,1974 Mar,35.333,158,raw/tabledata_M213751_62f62cd25bf5df72.json,12c460c3f71a1a1e505894ec77d33ed9c9b289530e31965f69ffcde8c03cd114
M213751:1,1974-04,,34.94,Index,1974 Apr,34.94,159,raw/tabledata_M213751_62f62cd25bf5df72.json,12c460c3f71a1a1e505894ec77d33ed9c9b289530e31965f69ffcde8c03cd114
M213751:1,1974-05,,34.964,Index,1974 May,34.964,160,raw/tabledata_M213751_62f62cd25bf5df72.json,12c460c3f71a1a1e505894ec77d33ed9c9b289530e31965f69ffcde8c03cd114
M213751:1,1974-06,,35.098,Index,1974 Jun,35.098,161,raw/tabledata_M213751_62f62cd25bf5df72.json,12c460c3f71a1a1e505894ec77d33ed9c9b289530e31965f69ffcde8c03cd114
M213751:1,1974-07,,35.372,Index,1974 Jul,35.372,162,raw/tabledata_M213751_62f62cd25bf5df72.json,12c460c3f71a1a1e505894ec77d33ed9c9b289530e31965f69ffcde8c03cd114
M213751:1,1974-08,,35.612,Index,1974 Aug,35.612,163,raw/tabledata_M213751_62f62cd25bf5df72.json,12c460c3f71a1a1e505894ec77d33ed9c9b289530e31965f69ffcde8c03cd114
M213751:1,1974-09,,35.992,Index,1974 Sep,35.992,164,raw/tabledata_M213751_62f62cd25bf5df72.json,12c460c3f71a1a1e505894ec77d33ed9c9b289530e31965f69ffcde8c03cd114
M213751:1,1974-10,,36.326,Index,1974 Oct,36.326,165,raw/tabledata_M213751_62f62cd25bf5df72.json,12c460c3f71a1a1e505894ec77d33ed9c9b289530e31965f69ffcde8c03cd114
M213751:1,1974-11,,36.407,Index,1974 Nov,36.407,166,raw/tabledata_M213751_62f62cd25bf5df72.json,12c460c3f71a1a1e505894ec77d33ed9c9b289530e31965f69ffcde8c03cd114
M213751:1,1974-12,,36.683,Index,1974 Dec,36.683,167,raw/tabledata_M213751_62f62cd25bf5df72.json,12c460c3f71a1a1e505894ec77d33ed9c9b289530e31965f69ffcde8c03cd114
M213751:1,1975-01,,36.846,Index,1975 Jan,36.846,168,raw/tabledata_M213751_62f62cd25bf5df72.json,12c460c3f71a1a1e505894ec77d33ed9c9b289530e31965f69ffcde8c03cd114
M213751:1,1975-02,,36.919,Index,1975 Feb,36.919,169,raw/tabledata_M213751_62f62cd25bf5df72.json,12c460c3f71a1a1e505894ec77d33ed9c9b289530e31965f69ffcde8c03cd114
M213751:1,1975-03,,36.215,Index,1975 Mar,36.215,170,raw/tabledata_M213751_62f62cd25bf5df72.json,12c460c3f71a1a1e505894ec77d33ed9c9b289530e31965f69ffcde8c03cd114
M213751:1,1975-04,,35.968,Index,1975 Apr,35.968,171,raw/tabledata_M213751_62f62cd25bf5df72.json,12c460c3f71a1a1e505894ec77d33ed9c9b289530e31965f69ffcde8c03cd114
M213751:1,1975-05,,36.11,Index,1975 May,36.11,172,raw/tabledata_M213751_62f62cd25bf5df72.json,12c460c3f71a1a1e505894ec77d33ed9c9b289530e31965f69ffcde8c03cd114
M213751:1,1975-06,,36.213,Index,1975 Jun,36.213,173,raw/tabledata_M213751_62f62cd25bf5df72.json,12c460c3f71a1a1e505894ec77d33ed9c9b289530e31965f69ffcde8c03cd114
M213751:1,1975-07,,36.31,Index,1975 Jul,36.31,174,raw/tabledata_M213751_62f62cd25bf5df72.json,12c460c3f71a1a1e505894ec77d33ed9c9b289530e31965f69ffcde8c03cd114
M213751:1,1975-08,,36.461,Index,1975 Aug,36.461,175,raw/tabledata_M213751_62f62cd25bf5df72.json,12c460c3f71a1a1e505894ec77d33ed9c9b289530e31965f69ffcde8c03cd114
M213751:1,1975-09,,36.472,Index,1975 Sep,36.472,176,raw/tabledata_M213751_62f62cd25bf5df72.json,12c460c3f71a1a1e505894ec77d33ed9c9b289530e31965f69ffcde8c03cd114
M213751:1,1975-10,,36.114,Index,1975 Oct,36.114,177,raw/tabledata_M213751_62f62cd25bf5df72.json,12c460c3f71a1a1e505894ec77d33ed9c9b289530e31965f69ffcde8c03cd114
M213751:1,1975-11,,36.187,Index,1975 Nov,36.187,178,raw/tabledata_M213751_62f62cd25bf5df72.json,12c460c3f71a1a1e505894ec77d33ed9c9b289530e31965f69ffcde8c03cd114
M213751:1,1975-12,,36.339,Index,1975 Dec,36.339,179,raw/tabledata_M213751_62f62cd25bf5df72.json,12c460c3f71a1a1e505894ec77d33ed9c9b289530e31965f69ffcde8c03cd114
M213751:1,1976-01,,36.327,Index,1976 Jan,36.327,180,raw/tabledata_M213751_62f62cd25bf5df72.json,12c460c3f71a1a1e505894ec77d33ed9c9b289530e31965f69ffcde8c03cd114
M213751:1,1976-02,,36.32,Index,1976 Feb,36.32,181,raw/tabledata_M213751_62f62cd25bf5df72.json,12c460c3f71a1a1e505894ec77d33ed9c9b289530e31965f69ffcde8c03cd114
M213751:1,1976-03,,35.856,Index,1976 Mar,35.856,182,raw/tabledata_M213751_62f62cd25bf5df72.json,12c460c3f71a1a1e505894ec77d33ed9c9b289530e31965f69ffcde8c03cd114
M213751:1,1976-04,,35.508,Index,1976 Apr,35.508,183,raw/tabledata_M213751_62f62cd25bf5df72.json,12c460c3f71a1a1e505894ec77d33ed9c9b289530e31965f69ffcde8c03cd114
M213751:1,1976-05,,35.651,Index,1976 May,35.651,184,raw/tabledata_M213751_62f62cd25bf5df72.json,12c460c3f71a1a1e505894ec77d33ed9c9b289530e31965f69ffcde8c03cd114
M213751:1,1976-06,,35.468,Index,1976 Jun,35.468,185,raw/tabledata_M213751_62f62cd25bf5df72.json,12c460c3f71a1a1e505894ec77d33ed9c9b289530e31965f69ffcde8c03cd114
M213751:1,1976-07,,35.442,Index,1976 Jul,35.442,186,raw/tabledata_M213751_62f62cd25bf5df72.json,12c460c3f71a1a1e505894ec77d33ed9c9b289530e31965f69ffcde8c03cd114
M213751:1,1976-08,,35.395,Index,1976 Aug,35.395,187,raw/tabledata_M213751_62f62cd25bf5df72.json,12c460c3f71a1a1e505894ec77d33ed9c9b289530e31965f69ffcde8c03cd114
M213751:1,1976-09,,35.331,Index,1976 Sep,35.331,188,raw/tabledata_M213751_62f62cd25bf5df72.json,12c460c3f71a1a1e505894ec77d33ed9c9b289530e31965f69ffcde8c03cd114
M213751:1,1976-10,,35.295,Index,1976 Oct,35.295,189,raw/tabledata_M213751_62f62cd25bf5df72.json,12c460c3f71a1a1e505894ec77d33ed9c9b289530e31965f69ffcde8c03cd114
M213751:1,1976-11,,35.504,Index,1976 Nov,35.504,190,raw/tabledata_M213751_62f62cd25bf5df72.json,12c460c3f71a1a1e505894ec77d33ed9c9b289530e31965f69ffcde8c03cd114
M213751:1,1976-12,,35.785,Index,1976 Dec,35.785,191,raw/tabledata_M213751_62f62cd25bf5df72.json,12c460c3f71a1a1e505894ec77d33ed9c9b289530e31965f69ffcde8c03cd114
M213751:1,1977-01,,36.258,Index,1977 Jan,36.258,192,raw/tabledata_M213751_62f62cd25bf5df72.json,12c460c3f71a1a1e505894ec77d33ed9c9b289530e31965f69ffcde8c03cd114
M213751:1,1977-02,,36.501,Index,1977 Feb,36.501,193,raw/tabledata_M213751_62f62cd25bf5df72.json,12c460c3f71a1a1e505894ec77d33ed9c9b289530e31965f69ffcde8c03cd114
M213751:1,1977-03,,36.255,Index,1977 Mar,36.255,194,raw/tabledata_M213751_62f62cd25bf5df72.json,12c460c3f71a1a1e505894ec77d33ed9c9b289530e31965f69ffcde8c03cd114
M213751:1,1977-04,,35.952,Index,1977 Apr,35.952,195,raw/tabledata_M213751_62f62cd25bf5df72.json,12c460c3f71a1a1e505894ec77d33ed9c9b289530e31965f69ffcde8c03cd114
M213751:1,1977-05,,36.239,Index,1977 May,36.239,196,raw/tabledata_M213751_62f62cd25bf5df72.json,12c460c3f71a1a1e505894ec77d33ed9c9b289530e31965f69ffcde8c03cd114
M213751:1,1977-06,,36.37,Index,1977 Jun,36.37,197,raw/tabledata_M213751_62f62cd25bf5df72.json,12c460c3f71a1a1e505894ec77d33ed9c9b289530e31965f69ffcde8c03cd114
M213751:1,1977-07,,36.739,Index,1977 Jul,36.739,198,raw/tabledata_M213751_62f62cd25bf5df72.json,12c460c3f71a1a1e505894ec77d33ed9c9b289530e31965f69ffcde8c03cd114
M213751:1,1977-08,,37.29,Index,1977 Aug,37.29,199,raw/tabledata_M213751_62f62cd25bf5df72.json,12c460c3f71a1a1e505894ec77d33ed9c9b289530e31965f69ffcde8c03cd114
M213751:1,1977-09,,37.532,Index,1977 Sep,37.532,200,raw/tabledata_M213751_62f62cd25bf5df72.json,12c460c3f71a1a1e505894ec77d33ed9c9b289530e31965f69ffcde8c03cd114
M213751:1,1977-10,,37.002,Index,1977 Oct,37.002,201,raw/tabledata_M213751_62f62cd25bf5df72.json,12c460c3f71a1a1e505894ec77d33ed9c9b289530e31965f69ffcde8c03cd114
M213751:1,1977-11,,37.311,Index,1977 Nov,37.311,202,raw/tabledata_M213751_62f62cd25bf5df72.json,12c460c3f71a1a1e505894ec77d33ed9c9b289530e31965f69ffcde8c03cd114
M213751:1,1977-12,,38.071,Index,1977 Dec,38.071,203,raw/tabledata_M213751_62f62cd25bf5df72.json,12c460c3f71a1a1e505894ec77d33ed9c9b289530e31965f69ffcde8c03cd114
M213751:1,1978-01,,37.844,Index,1978 Jan,37.844,204,raw/tabledata_M213751_62f62cd25bf5df72.json,12c460c3f71a1a1e505894ec77d33ed9c9b289530e31965f69ffcde8c03cd114
M213751:1,1978-02,,38.102,Index,1978 Feb,38.102,205,raw/tabledata_M213751_62f62cd25bf5df72.json,12c460c3f71a1a1e505894ec77d33ed9c9b289530e31965f69ffcde8c03cd114
M213751:1,1978-03,,37.594,Index,1978 Mar,37.594,206,raw/tabledata_M213751_62f62cd25bf5df72.json,12c460c3f71a1a1e505894ec77d33ed9c9b289530e31965f69ffcde8c03cd114
M213751:1,1978-04,,37.818,Index,1978 Apr,37.818,207,raw/tabledata_M213751_62f62cd25bf5df72.json,12c460c3f71a1a1e505894ec77d33ed9c9b289530e31965f69ffcde8c03cd114
M213751:1,1978-05,,37.948,Index,1978 May,37.948,208,raw/tabledata_M213751_62f62cd25bf5df72.json,12c460c3f71a1a1e505894ec77d33ed9c9b289530e31965f69ffcde8c03cd114
M213751:1,1978-06,,38.036,Index,1978 Jun,38.036,209,raw/tabledata_M213751_62f62cd25bf5df72.json,12c460c3f71a1a1e505894ec77d33ed9c9b289530e31965f69ffcde8c03cd114
M213751:1,1978-07,,38.493,Index,1978 Jul,38.493,210,raw/tabledata_M213751_62f62cd25bf5df72.json,12c460c3f71a1a1e505894ec77d33ed9c9b289530e31965f69ffcde8c03cd114
M213751:1,1978-08,,38.673,Index,1978 Aug,38.673,211,raw/tabledata_M213751_62f62cd25bf5df72.json,12c460c3f71a1a1e505894ec77d33ed9c9b289530e31965f69ffcde8c03cd114
M213751:1,1978-09,,38.738,Index,1978 Sep,38.738,212,raw/tabledata_M213751_62f62cd25bf5df72.json,12c460c3f71a1a1e505894ec77d33ed9c9b289530e31965f69ffcde8c03cd114
M213751:1,1978-10,,38.598,Index,1978 Oct,38.598,213,raw/tabledata_M213751_62f62cd25bf5df72.json,12c460c3f71a1a1e505894ec77d33ed9c9b289530e31965f69ffcde8c03cd114
M213751:1,1978-11,,38.826,Index,1978 Nov,38.826,214,raw/tabledata_M213751_62f62cd25bf5df72.json,12c460c3f71a1a1e505894ec77d33ed9c9b289530e31965f69ffcde8c03cd114
M213751:1,1978-12,,38.796,Index,1978 Dec,38.796,215,raw/tabledata_M213751_62f62cd25bf5df72.json,12c460c3f71a1a1e505894ec77d33ed9c9b289530e31965f69ffcde8c03cd114
M213751:1,1979-01,,38.822,Index,1979 Jan,38.822,216,raw/tabledata_M213751_62f62cd25bf5df72.json,12c460c3f71a1a1e505894ec77d33ed9c9b289530e31965f69ffcde8c03cd114
M213751:1,1979-02,,38.701,Index,1979 Feb,38.701,217,raw/tabledata_M213751_62f62cd25bf5df72.json,12c460c3f71a1a1e505894ec77d33ed9c9b289530e31965f69ffcde8c03cd114
M213751:1,1979-03,,38.578,Index,1979 Mar,38.578,218,raw/tabledata_M213751_62f62cd25bf5df72.json,12c460c3f71a1a1e505894ec77d33ed9c9b289530e31965f69ffcde8c03cd114
M213751:1,1979-04,,38.753,Index,1979 Apr,38.753,219,raw/tabledata_M213751_62f62cd25bf5df72.json,12c460c3f71a1a1e505894ec77d33ed9c9b289530e31965f69ffcde8c03cd114
M213751:1,1979-05,,39.034,Index,1979 May,39.034,220,raw/tabledata_M213751_62f62cd25bf5df72.json,12c460c3f71a1a1e505894ec77d33ed9c9b289530e31965f69ffcde8c03cd114
M213751:1,1979-06,,39.137,Index,1979 Jun,39.137,221,raw/tabledata_M213751_62f62cd25bf5df72.json,12c460c3f71a1a1e505894ec77d33ed9c9b289530e31965f69ffcde8c03cd114
M213751:1,1979-07,,39.624,Index,1979 Jul,39.624,222,raw/tabledata_M213751_62f62cd25bf5df72.json,12c460c3f71a1a1e505894ec77d33ed9c9b289530e31965f69ffcde8c03cd114
M213751:1,1979-08,,40.327,Index,1979 Aug,40.327,223,raw/tabledata_M213751_62f62cd25bf5df72.json,12c460c3f71a1a1e505894ec77d33ed9c9b289530e31965f69ffcde8c03cd114
M213751:1,1979-09,,40.963,Index,1979 Sep,40.963,224,raw/tabledata_M213751_62f62cd25bf5df72.json,12c460c3f71a1a1e505894ec77d33ed9c9b289530e31965f69ffcde8c03cd114
M213751:1,1979-10,,40.972,Index,1979 Oct,40.972,225,raw/tabledata_M213751_62f62cd25bf5df72.json,12c460c3f71a1a1e505894ec77d33ed9c9b289530e31965f69ffcde8c03cd114
M213751:1,1979-11,,41.324,Index,1979 Nov,41.324,226,raw/tabledata_M213751_62f62cd25bf5df72.json,12c460c3f71a1a1e505894ec77d33ed9c9b289530e31965f69ffcde8c03cd114
M213751:1,1979-12,,41.633,Index,1979 Dec,41.633,227,raw/tabledata_M213751_62f62cd25bf5df72.json,12c460c3f71a1a1e505894ec77d33ed9c9b289530e31965f69ffcde8c03cd114
M213751:1,1980-01,,41.68,Index,1980 Jan,41.68,228,raw/tabledata_M213751_62f62cd25bf5df72.json,12c460c3f71a1a1e505894ec77d33ed9c9b289530e31965f69ffcde8c03cd114
M213751:1,1980-02,,42.335,Index,1980 Feb,42.335,229,raw/tabledata_M213751_62f62cd25bf5df72.json,12c460c3f71a1a1e505894ec77d33ed9c9b289530e31965f69ffcde8c03cd114
M213751:1,1980-03,,42.787,Index,1980 Mar,42.787,230,raw/tabledata_M213751_62f62cd25bf5df72.json,12c460c3f71a1a1e505894ec77d33ed9c9b289530e31965f69ffcde8c03cd114
M213751:1,1980-04,,42.971,Index,1980 Apr,42.971,231,raw/tabledata_M213751_62f62cd25bf5df72.json,12c460c3f71a1a1e505894ec77d33ed9c9b289530e31965f69ffcde8c03cd114
M213751:1,1980-05,,42.948,Index,1980 May,42.948,232,raw/tabledata_M213751_62f62cd25bf5df72.json,12c460c3f71a1a1e505894ec77d33ed9c9b289530e31965f69ffcde8c03cd114
M213751:1,1980-06,,43.062,Index,1980 Jun,43.062,233,raw/tabledata_M213751_62f62cd25bf5df72.json,12c460c3f71a1a1e505894ec77d33ed9c9b289530e31965f69ffcde8c03cd114
M213751:1,1980-07,,43.437,Index,1980 Jul,43.437,234,raw/tabledata_M213751_62f62cd25bf5df72.json,12c460c3f71a1a1e505894ec77d33ed9c9b289530e31965f69ffcde8c03cd114
M213751:1,1980-08,,43.767,Index,1980 Aug,43.767,235,raw/tabledata_M213751_62f62cd25bf5df72.json,12c460c3f71a1a1e505894ec77d33ed9c9b289530e31965f69ffcde8c03cd114
M213751:1,1980-09,,43.659,Index,1980 Sep,43.659,236,raw/tabledata_M213751_62f62cd25bf5df72.json,12c460c3f71a1a1e505894ec77d33ed9c9b289530e31965f69ffcde8c03cd114
M213751:1,1980-10,,43.806,Index,1980 Oct,43.806,237,raw/tabledata_M213751_62f62cd25bf5df72.json,12c460c3f71a1a1e505894ec77d33ed9c9b289530e31965f69ffcde8c03cd114
M213751:1,1980-11,,44.093,Index,1980 Nov,44.093,238,raw/tabledata_M213751_62f62cd25bf5df72.json,12c460c3f71a1a1e505894ec77d33ed9c9b289530e31965f69ffcde8c03cd114
M213751:1,1980-12,,44.132,Index,1980 Dec,44.132,239,raw/tabledata_M213751_62f62cd25bf5df72.json,12c460c3f71a1a1e505894ec77d33ed9c9b289530e31965f69ffcde8c03cd114
M213751:1,1981-01,,44.264,Index,1981 Jan,44.264,240,raw/tabledata_M213751_62f62cd25bf5df72.json,12c460c3f71a1a1e505894ec77d33ed9c9b289530e31965f69ffcde8c03cd114
M213751:1,1981-02,,44.793,Index,1981 Feb,44.793,241,raw/tabledata_M213751_62f62cd25bf5df72.json,12c460c3f71a1a1e505894ec77d33ed9c9b289530e31965f69ffcde8c03cd114
M213751:1,1981-03,,44.894,Index,1981 Mar,44.894,242,raw/tabledata_M213751_62f62cd25bf5df72.json,12c460c3f71a1a1e505894ec77d33ed9c9b289530e31965f69ffcde8c03cd114
M213751:1,1981-04,,45.802,Index,1981 Apr,45.802,243,raw/tabledata_M213751_62f62cd25bf5df72.json,12c460c3f71a1a1e505894ec77d33ed9c9b289530e31965f69ffcde8c03cd114
M213751:1,1981-05,,46.39,Index,1981 May,46.39,244,raw/tabledata_M213751_62f62cd25bf5df72.json,12c460c3f71a1a1e505894ec77d33ed9c9b289530e31965f69ffcde8c03cd114
M213751:1,1981-06,,46.702,Index,1981 Jun,46.702,245,raw/tabledata_M213751_62f62cd25bf5df72.json,12c460c3f71a1a1e505894ec77d33ed9c9b289530e31965f69ffcde8c03cd114
M213751:1,1981-07,,47.404,Index,1981 Jul,47.404,246,raw/tabledata_M213751_62f62cd25bf5df72.json,12c460c3f71a1a1e505894ec77d33ed9c9b289530e31965f69ffcde8c03cd114
M213751:1,1981-08,,48.03,Index,1981 Aug,48.03,247,raw/tabledata_M213751_62f62cd25bf5df72.json,12c460c3f71a1a1e505894ec77d33ed9c9b289530e31965f69ffcde8c03cd114
M213751:1,1981-09,,47.944,Index,1981 Sep,47.944,248,raw/tabledata_M213751_62f62cd25bf5df72.json,12c460c3f71a1a1e505894ec77d33ed9c9b289530e31965f69ffcde8c03cd114
M213751:1,1981-10,,47.96,Index,1981 Oct,47.96,249,raw/tabledata_M213751_62f62cd25bf5df72.json,12c460c3f71a1a1e505894ec77d33ed9c9b289530e31965f69ffcde8c03cd114
M213751:1,1981-11,,48.28,Index,1981 Nov,48.28,250,raw/tabledata_M213751_62f62cd25bf5df72.json,12c460c3f71a1a1e505894ec77d33ed9c9b289530e31965f69ffcde8c03cd114
M213751:1,1981-12,,48.698,Index,1981 Dec,48.698,251,raw/tabledata_M213751_62f62cd25bf5df72.json,12c460c3f71a1a1e505894ec77d33ed9c9b289530e31965f69ffcde8c03cd114
M213751:1,1982-01,,49.177,Index,1982 Jan,49.177,252,raw/tabledata_M213751_62f62cd25bf5df72.json,12c460c3f71a1a1e505894ec77d33ed9c9b289530e31965f69ffcde8c03cd114
M213751:1,1982-02,,48.8,Index,1982 Feb,48.8,253,raw/tabledata_M213751_62f62cd25bf5df72.json,12c460c3f71a1a1e505894ec77d33ed9c9b289530e31965f69ffcde8c03cd114
M213751:1,1982-03,,48.28,Index,1982 Mar,48.28,254,raw/tabledata_M213751_62f62cd25bf5df72.json,12c460c3f71a1a1e505894ec77d33ed9c9b289530e31965f69ffcde8c03cd114
M213751:1,1982-04,,48.298,Index,1982 Apr,48.298,255,raw/tabledata_M213751_62f62cd25bf5df72.json,12c460c3f71a1a1e505894ec77d33ed9c9b289530e31965f69ffcde8c03cd114
M213751:1,1982-05,,48.327,Index,1982 May,48.327,256,raw/tabledata_M213751_62f62cd25bf5df72.json,12c460c3f71a1a1e505894ec77d33ed9c9b289530e31965f69ffcde8c03cd114
M213751:1,1982-06,,48.455,Index,1982 Jun,48.455,257,raw/tabledata_M213751_62f62cd25bf5df72.json,12c460c3f71a1a1e505894ec77d33ed9c9b289530e31965f69ffcde8c03cd114
M213751:1,1982-07,,48.326,Index,1982 Jul,48.326,258,raw/tabledata_M213751_62f62cd25bf5df72.json,12c460c3f71a1a1e505894ec77d33ed9c9b289530e31965f69ffcde8c03cd114
M213751:1,1982-08,,48.527,Index,1982 Aug,48.527,259,raw/tabledata_M213751_62f62cd25bf5df72.json,12c460c3f71a1a1e505894ec77d33ed9c9b289530e31965f69ffcde8c03cd114
M213751:1,1982-09,,48.606,Index,1982 Sep,48.606,260,raw/tabledata_M213751_62f62cd25bf5df72.json,12c460c3f71a1a1e505894ec77d33ed9c9b289530e31965f69ffcde8c03cd114
M213751:1,1982-10,,48.475,Index,1982 Oct,48.475,261,raw/tabledata_M213751_62f62cd25bf5df72.json,12c460c3f71a1a1e505894ec77d33ed9c9b289530e31965f69ffcde8c03cd114
M213751:1,1982-11,,48.774,Index,1982 Nov,48.774,262,raw/tabledata_M213751_62f62cd25bf5df72.json,12c460c3f71a1a1e505894ec77d33ed9c9b289530e31965f69ffcde8c03cd114
M213751:1,1982-12,,49.1,Index,1982 Dec,49.1,263,raw/tabledata_M213751_62f62cd25bf5df72.json,12c460c3f71a1a1e505894ec77d33ed9c9b289530e31965f69ffcde8c03cd114
M213751:1,1983-01,,48.945,Index,1983 Jan,48.945,264,raw/tabledata_M213751_62f62cd25bf5df72.json,12c460c3f71a1a1e505894ec77d33ed9c9b289530e31965f69ffcde8c03cd114
M213751:1,1983-02,,49.044,Index,1983 Feb,49.044,265,raw/tabledata_M213751_62f62cd25bf5df72.json,12c460c3f71a1a1e505894ec77d33ed9c9b289530e31965f69ffcde8c03cd114
M213751:1,1983-03,,48.991,Index,1983 Mar,48.991,266,raw/tabledata_M213751_62f62cd25bf5df72.json,12c460c3f71a1a1e505894ec77d33ed9c9b289530e31965f69ffcde8c03cd114
M213751:1,1983-04,,48.926,Index,1983 Apr,48.926,267,raw/tabledata_M213751_62f62cd25bf5df72.json,12c460c3f71a1a1e505894ec77d33ed9c9b289530e31965f69ffcde8c03cd114
M213751:1,1983-05,,49.098,Index,1983 May,49.098,268,raw/tabledata_M213751_62f62cd25bf5df72.json,12c460c3f71a1a1e505894ec77d33ed9c9b289530e31965f69ffcde8c03cd114
M213751:1,1983-06,,48.784,Index,1983 Jun,48.784,269,raw/tabledata_M213751_62f62cd25bf5df72.json,12c460c3f71a1a1e505894ec77d33ed9c9b289530e31965f69ffcde8c03cd114
M213751:1,1983-07,,48.966,Index,1983 Jul,48.966,270,raw/tabledata_M213751_62f62cd25bf5df72.json,12c460c3f71a1a1e505894ec77d33ed9c9b289530e31965f69ffcde8c03cd114
M213751:1,1983-08,,49.001,Index,1983 Aug,49.001,271,raw/tabledata_M213751_62f62cd25bf5df72.json,12c460c3f71a1a1e505894ec77d33ed9c9b289530e31965f69ffcde8c03cd114
M213751:1,1983-09,,49.18,Index,1983 Sep,49.18,272,raw/tabledata_M213751_62f62cd25bf5df72.json,12c460c3f71a1a1e505894ec77d33ed9c9b289530e31965f69ffcde8c03cd114
M213751:1,1983-10,,49.075,Index,1983 Oct,49.075,273,raw/tabledata_M213751_62f62cd25bf5df72.json,12c460c3f71a1a1e505894ec77d33ed9c9b289530e31965f69ffcde8c03cd114
M213751:1,1983-11,,49.526,Index,1983 Nov,49.526,274,raw/tabledata_M213751_62f62cd25bf5df72.json,12c460c3f71a1a1e505894ec77d33ed9c9b289530e31965f69ffcde8c03cd114
M213751:1,1983-12,,49.661,Index,1983 Dec,49.661,275,raw/tabledata_M213751_62f62cd25bf5df72.json,12c460c3f71a1a1e505894ec77d33ed9c9b289530e31965f69ffcde8c03cd114
M213751:1,1984-01,,50.163,Index,1984 Jan,50.163,276,raw/tabledata_M213751_62f62cd25bf5df72.json,12c460c3f71a1a1e505894ec77d33ed9c9b289530e31965f69ffcde8c03cd114
M213751:1,1984-02,,50.825,Index,1984 Feb,50.825,277,raw/tabledata_M213751_62f62cd25bf5df72.json,12c460c3f71a1a1e505894ec77d33ed9c9b289530e31965f69ffcde8c03cd114
M213751:1,1984-03,,50.323,Index,1984 Mar,50.323,278,raw/tabledata_M213751_62f62cd25bf5df72.json,12c460c3f71a1a1e505894ec77d33ed9c9b289530e31965f69ffcde8c03cd114
M213751:1,1984-04,,50.327,Index,1984 Apr,50.327,279,raw/tabledata_M213751_62f62cd25bf5df72.json,12c460c3f71a1a1e505894ec77d33ed9c9b289530e31965f69ffcde8c03cd114
M213751:1,1984-05,,50.288,Index,1984 May,50.288,280,raw/tabledata_M213751_62f62cd25bf5df72.json,12c460c3f71a1a1e505894ec77d33ed9c9b289530e31965f69ffcde8c03cd114
M213751:1,1984-06,,50.427,Index,1984 Jun,50.427,281,raw/tabledata_M213751_62f62cd25bf5df72.json,12c460c3f71a1a1e505894ec77d33ed9c9b289530e31965f69ffcde8c03cd114
M213751:1,1984-07,,50.569,Index,1984 Jul,50.569,282,raw/tabledata_M213751_62f62cd25bf5df72.json,12c460c3f71a1a1e505894ec77d33ed9c9b289530e31965f69ffcde8c03cd114
M213751:1,1984-08,,50.689,Index,1984 Aug,50.689,283,raw/tabledata_M213751_62f62cd25bf5df72.json,12c460c3f71a1a1e505894ec77d33ed9c9b289530e31965f69ffcde8c03cd114
M213751:1,1984-09,,50.35,Index,1984 Sep,50.35,284,raw/tabledata_M213751_62f62cd25bf5df72.json,12c460c3f71a1a1e505894ec77d33ed9c9b289530e31965f69ffcde8c03cd114
M213751:1,1984-10,,50.325,Index,1984 Oct,50.325,285,raw/tabledata_M213751_62f62cd25bf5df72.json,12c460c3f71a1a1e505894ec77d33ed9c9b289530e31965f69ffcde8c03cd114
M213751:1,1984-11,,50.136,Index,1984 Nov,50.136,286,raw/tabledata_M213751_62f62cd25bf5df72.json,12c460c3f71a1a1e505894ec77d33ed9c9b289530e31965f69ffcde8c03cd114
M213751:1,1984-12,,50.114,Index,1984 Dec,50.114,287,raw/tabledata_M213751_62f62cd25bf5df72.json,12c460c3f71a1a1e505894ec77d33ed9c9b289530e31965f69ffcde8c03cd114
M213751:1,1985-01,,50.339,Index,1985 Jan,50.339,288,raw/tabledata_M213751_62f62cd25bf5df72.json,12c460c3f71a1a1e505894ec77d33ed9c9b289530e31965f69ffcde8c03cd114
M213751:1,1985-02,,50.589,Index,1985 Feb,50.589,289,raw/tabledata_M213751_62f62cd25bf5df72.json,12c460c3f71a1a1e505894ec77d33ed9c9b289530e31965f69ffcde8c03cd114
M213751:1,1985-03,,50.721,Index,1985 Mar,50.721,290,raw/tabledata_M213751_62f62cd25bf5df72.json,12c460c3f71a1a1e505894ec77d33ed9c9b289530e31965f69ffcde8c03cd114
M213751:1,1985-04,,50.623,Index,1985 Apr,50.623,291,raw/tabledata_M213751_62f62cd25bf5df72.json,12c460c3f71a1a1e505894ec77d33ed9c9b289530e31965f69ffcde8c03cd114
M213751:1,1985-05,,50.613,Index,1985 May,50.613,292,raw/tabledata_M213751_62f62cd25bf5df72.json,12c460c3f71a1a1e505894ec77d33ed9c9b289530e31965f69ffcde8c03cd114
M213751:1,1985-06,,50.741,Index,1985 Jun,50.741,293,raw/tabledata_M213751_62f62cd25bf5df72.json,12c460c3f71a1a1e505894ec77d33ed9c9b289530e31965f69ffcde8c03cd114
M213751:1,1985-07,,50.908,Index,1985 Jul,50.908,294,raw/tabledata_M213751_62f62cd25bf5df72.json,12c460c3f71a1a1e505894ec77d33ed9c9b289530e31965f69ffcde8c03cd114
M213751:1,1985-08,,50.967,Index,1985 Aug,50.967,295,raw/tabledata_M213751_62f62cd25bf5df72.json,12c460c3f71a1a1e505894ec77d33ed9c9b289530e31965f69ffcde8c03cd114
M213751:1,1985-09,,50.565,Index,1985 Sep,50.565,296,raw/tabledata_M213751_62f62cd25bf5df72.json,12c460c3f71a1a1e505894ec77d33ed9c9b289530e31965f69ffcde8c03cd114
M213751:1,1985-10,,50.555,Index,1985 Oct,50.555,297,raw/tabledata_M213751_62f62cd25bf5df72.json,12c460c3f71a1a1e505894ec77d33ed9c9b289530e31965f69ffcde8c03cd114
M213751:1,1985-11,,50.426,Index,1985 Nov,50.426,298,raw/tabledata_M213751_62f62cd25bf5df72.json,12c460c3f71a1a1e505894ec77d33ed9c9b289530e31965f69ffcde8c03cd114
M213751:1,1985-12,,50.459,Index,1985 Dec,50.459,299,raw/tabledata_M213751_62f62cd25bf5df72.json,12c460c3f71a1a1e505894ec77d33ed9c9b289530e31965f69ffcde8c03cd114
M213751:1,1986-01,,50.435,Index,1986 Jan,50.435,300,raw/tabledata_M213751_62f62cd25bf5df72.json,12c460c3f71a1a1e505894ec77d33ed9c9b289530e31965f69ffcde8c03cd114
M213751:1,1986-02,,50.302,Index,1986 Feb,50.302,301,raw/tabledata_M213751_62f62cd25bf5df72.json,12c460c3f71a1a1e505894ec77d33ed9c9b289530e31965f69ffcde8c03cd114
M213751:1,1986-03,,50.156,Index,1986 Mar,50.156,302,raw/tabledata_M213751_62f62cd25bf5df72.json,12c460c3f71a1a1e505894ec77d33ed9c9b289530e31965f69ffcde8c03cd114
M213751:1,1986-04,,49.903,Index,1986 Apr,49.903,303,raw/tabledata_M213751_62f62cd25bf5df72.json,12c460c3f71a1a1e505894ec77d33ed9c9b289530e31965f69ffcde8c03cd114
M213751:1,1986-05,,49.865,Index,1986 May,49.865,304,raw/tabledata_M213751_62f62cd25bf5df72.json,12c460c3f71a1a1e505894ec77d33ed9c9b289530e31965f69ffcde8c03cd114
M213751:1,1986-06,,49.791,Index,1986 Jun,49.791,305,raw/tabledata_M213751_62f62cd25bf5df72.json,12c460c3f71a1a1e505894ec77d33ed9c9b289530e31965f69ffcde8c03cd114
M213751:1,1986-07,,49.712,Index,1986 Jul,49.712,306,raw/tabledata_M213751_62f62cd25bf5df72.json,12c460c3f71a1a1e505894ec77d33ed9c9b289530e31965f69ffcde8c03cd114
M213751:1,1986-08,,49.691,Index,1986 Aug,49.691,307,raw/tabledata_M213751_62f62cd25bf5df72.json,12c460c3f71a1a1e505894ec77d33ed9c9b289530e31965f69ffcde8c03cd114
M213751:1,1986-09,,49.894,Index,1986 Sep,49.894,308,raw/tabledata_M213751_62f62cd25bf5df72.json,12c460c3f71a1a1e505894ec77d33ed9c9b289530e31965f69ffcde8c03cd114
M213751:1,1986-10,,49.88,Index,1986 Oct,49.88,309,raw/tabledata_M213751_62f62cd25bf5df72.json,12c460c3f71a1a1e505894ec77d33ed9c9b289530e31965f69ffcde8c03cd114
M213751:1,1986-11,,49.725,Index,1986 Nov,49.725,310,raw/tabledata_M213751_62f62cd25bf5df72.json,12c460c3f71a1a1e505894ec77d33ed9c9b289530e31965f69ffcde8c03cd114
M213751:1,1986-12,,49.763,Index,1986 Dec,49.763,311,raw/tabledata_M213751_62f62cd25bf5df72.json,12c460c3f71a1a1e505894ec77d33ed9c9b289530e31965f69ffcde8c03cd114
M213751:1,1987-01,,50.082,Index,1987 Jan,50.082,312,raw/tabledata_M213751_62f62cd25bf5df72.json,12c460c3f71a1a1e505894ec77d33ed9c9b289530e31965f69ffcde8c03cd114
M213751:1,1987-02,,49.768,Index,1987 Feb,49.768,313,raw/tabledata_M213751_62f62cd25bf5df72.json,12c460c3f71a1a1e505894ec77d33ed9c9b289530e31965f69ffcde8c03cd114
M213751:1,1987-03,,49.762,Index,1987 Mar,49.762,314,raw/tabledata_M213751_62f62cd25bf5df72.json,12c460c3f71a1a1e505894ec77d33ed9c9b289530e31965f69ffcde8c03cd114
M213751:1,1987-04,,49.939,Index,1987 Apr,49.939,315,raw/tabledata_M213751_62f62cd25bf5df72.json,12c460c3f71a1a1e505894ec77d33ed9c9b289530e31965f69ffcde8c03cd114
M213751:1,1987-05,,50.073,Index,1987 May,50.073,316,raw/tabledata_M213751_62f62cd25bf5df72.json,12c460c3f71a1a1e505894ec77d33ed9c9b289530e31965f69ffcde8c03cd114
M213751:1,1987-06,,50.103,Index,1987 Jun,50.103,317,raw/tabledata_M213751_62f62cd25bf5df72.json,12c460c3f71a1a1e505894ec77d33ed9c9b289530e31965f69ffcde8c03cd114
M213751:1,1987-07,,50.308,Index,1987 Jul,50.308,318,raw/tabledata_M213751_62f62cd25bf5df72.json,12c460c3f71a1a1e505894ec77d33ed9c9b289530e31965f69ffcde8c03cd114
M213751:1,1987-08,,50.37,Index,1987 Aug,50.37,319,raw/tabledata_M213751_62f62cd25bf5df72.json,12c460c3f71a1a1e505894ec77d33ed9c9b289530e31965f69ffcde8c03cd114
M213751:1,1987-09,,50.342,Index,1987 Sep,50.342,320,raw/tabledata_M213751_62f62cd25bf5df72.json,12c460c3f71a1a1e505894ec77d33ed9c9b289530e31965f69ffcde8c03cd114
M213751:1,1987-10,,50.328,Index,1987 Oct,50.328,321,raw/tabledata_M213751_62f62cd25bf5df72.json,12c460c3f71a1a1e505894ec77d33ed9c9b289530e31965f69ffcde8c03cd114
M213751:1,1987-11,,50.414,Index,1987 Nov,50.414,322,raw/tabledata_M213751_62f62cd25bf5df72.json,12c460c3f71a1a1e505894ec77d33ed9c9b289530e31965f69ffcde8c03cd114
M213751:1,1987-12,,50.522,Index,1987 Dec,50.522,323,raw/tabledata_M213751_62f62cd25bf5df72.json,12c460c3f71a1a1e505894ec77d33ed9c9b289530e31965f69ffcde8c03cd114
M213751:1,1988-01,,50.45,Index,1988 Jan,50.45,324,raw/tabledata_M213751_62f62cd25bf5df72.json,12c460c3f71a1a1e505894ec77d33ed9c9b289530e31965f69ffcde8c03cd114
M213751:1,1988-02,,50.838,Index,1988 Feb,50.838,325,raw/tabledata_M213751_62f62cd25bf5df72.json,12c460c3f71a1a1e505894ec77d33ed9c9b289530e31965f69ffcde8c03cd114
M213751:1,1988-03,,50.707,Index,1988 Mar,50.707,326,raw/tabledata_M213751_62f62cd25bf5df72.json,12c460c3f71a1a1e505894ec77d33ed9c9b289530e31965f69ffcde8c03cd114
M213751:1,1988-04,,50.722,Index,1988 Apr,50.722,327,raw/tabledata_M213751_62f62cd25bf5df72.json,12c460c3f71a1a1e505894ec77d33ed9c9b289530e31965f69ffcde8c03cd114
M213751:1,1988-05,,50.883,Index,1988 May,50.883,328,raw/tabledata_M213751_62f62cd25bf5df72.json,12c460c3f71a1a1e505894ec77d33ed9c9b289530e31965f69ffcde8c03cd114
M213751:1,1988-06,,50.827,Index,1988 Jun,50.827,329,raw/tabledata_M213751_62f62cd25bf5df72.json,12c460c3f71a1a1e505894ec77d33ed9c9b289530e31965f69ffcde8c03cd114
M213751:1,1988-07,,51.123,Index,1988 Jul,51.123,330,raw/tabledata_M213751_62f62cd25bf5df72.json,12c460c3f71a1a1e505894ec77d33ed9c9b289530e31965f69ffcde8c03cd114
M213751:1,1988-08,,51.103,Index,1988 Aug,51.103,331,raw/tabledata_M213751_62f62cd25bf5df72.json,12c460c3f71a1a1e505894ec77d33ed9c9b289530e31965f69ffcde8c03cd114
M213751:1,1988-09,,51.15,Index,1988 Sep,51.15,332,raw/tabledata_M213751_62f62cd25bf5df72.json,12c460c3f71a1a1e505894ec77d33ed9c9b289530e31965f69ffcde8c03cd114
M213751:1,1988-10,,51.038,Index,1988 Oct,51.038,333,raw/tabledata_M213751_62f62cd25bf5df72.json,12c460c3f71a1a1e505894ec77d33ed9c9b289530e31965f69ffcde8c03cd114
M213751:1,1988-11,,51.107,Index,1988 Nov,51.107,334,raw/tabledata_M213751_62f62cd25bf5df72.json,12c460c3f71a1a1e505894ec77d33ed9c9b289530e31965f69ffcde8c03cd114
M213751:1,1988-12,,51.233,Index,1988 Dec,51.233,335,raw/tabledata_M213751_62f62cd25bf5df72.json,12c460c3f71a1a1e505894ec77d33ed9c9b289530e31965f69ffcde8c03cd114
M213751:1,1989-01,,51.212,Index,1989 Jan,51.212,336,raw/tabledata_M213751_62f62cd25bf5df72.json,12c460c3f71a1a1e505894ec77d33ed9c9b289530e31965f69ffcde8c03cd114
M213751:1,1989-02,,51.347,Index,1989 Feb,51.347,337,raw/tabledata_M213751_62f62cd25bf5df72.json,12c460c3f71a1a1e505894ec77d33ed9c9b289530e31965f69ffcde8c03cd114
M213751:1,1989-03,,51.296,Index,1989 Mar,51.296,338,raw/tabledata_M213751_62f62cd25bf5df72.json,12c460c3f71a1a1e505894ec77d33ed9c9b289530e31965f69ffcde8c03cd114
M213751:1,1989-04,,51.591,Index,1989 Apr,51.591,339,raw/tabledata_M213751_62f62cd25bf5df72.json,12c460c3f71a1a1e505894ec77d33ed9c9b289530e31965f69ffcde8c03cd114
M213751:1,1989-05,,51.956,Index,1989 May,51.956,340,raw/tabledata_M213751_62f62cd25bf5df72.json,12c460c3f71a1a1e505894ec77d33ed9c9b289530e31965f69ffcde8c03cd114
M213751:1,1989-06,,52.192,Index,1989 Jun,52.192,341,raw/tabledata_M213751_62f62cd25bf5df72.json,12c460c3f71a1a1e505894ec77d33ed9c9b289530e31965f69ffcde8c03cd114
M213751:1,1989-07,,52.341,Index,1989 Jul,52.341,342,raw/tabledata_M213751_62f62cd25bf5df72.json,12c460c3f71a1a1e505894ec77d33ed9c9b289530e31965f69ffcde8c03cd114
M213751:1,1989-08,,52.405,Index,1989 Aug,52.405,343,raw/tabledata_M213751_62f62cd25bf5df72.json,12c460c3f71a1a1e505894ec77d33ed9c9b289530e31965f69ffcde8c03cd114
M213751:1,1989-09,,52.401,Index,1989 Sep,52.401,344,raw/tabledata_M213751_62f62cd25bf5df72.json,12c460c3f71a1a1e505894ec77d33ed9c9b289530e31965f69ffcde8c03cd114
M213751:1,1989-10,,52.666,Index,1989 Oct,52.666,345,raw/tabledata_M213751_62f62cd25bf5df72.json,12c460c3f71a1a1e505894ec77d33ed9c9b289530e31965f69ffcde8c03cd114
M213751:1,1989-11,,52.866,Index,1989 Nov,52.866,346,raw/tabledata_M213751_62f62cd25bf5df72.json,12c460c3f71a1a1e505894ec77d33ed9c9b289530e31965f69ffcde8c03cd114
M213751:1,1989-12,,52.93,Index,1989 Dec,52.93,347,raw/tabledata_M213751_62f62cd25bf5df72.json,12c460c3f71a1a1e505894ec77d33ed9c9b289530e31965f69ffcde8c03cd114
M213751:1,1990-01,,53.231,Index,1990 Jan,53.231,348,raw/tabledata_M213751_62f62cd25bf5df72.json,12c460c3f71a1a1e505894ec77d33ed9c9b289530e31965f69ffcde8c03cd114
M213751:1,1990-02,,53.335,Index,1990 Feb,53.335,349,raw/tabledata_M213751_62f62cd25bf5df72.json,12c460c3f71a1a1e505894ec77d33ed9c9b289530e31965f69ffcde8c03cd114
M213751:1,1990-03,,53.18,Index,1990 Mar,53.18,350,raw/tabledata_M213751_62f62cd25bf5df72.json,12c460c3f71a1a1e505894ec77d33ed9c9b289530e31965f69ffcde8c03cd114
M213751:1,1990-04,,53.478,Index,1990 Apr,53.478,351,raw/tabledata_M213751_62f62cd25bf5df72.json,12c460c3f71a1a1e505894ec77d33ed9c9b289530e31965f69ffcde8c03cd114
M213751:1,1990-05,,53.616,Index,1990 May,53.616,352,raw/tabledata_M213751_62f62cd25bf5df72.json,12c460c3f71a1a1e505894ec77d33ed9c9b289530e31965f69ffcde8c03cd114
M213751:1,1990-06,,53.69,Index,1990 Jun,53.69,353,raw/tabledata_M213751_62f62cd25bf5df72.json,12c460c3f71a1a1e505894ec77d33ed9c9b289530e31965f69ffcde8c03cd114
M213751:1,1990-07,,53.715,Index,1990 Jul,53.715,354,raw/tabledata_M213751_62f62cd25bf5df72.json,12c460c3f71a1a1e505894ec77d33ed9c9b289530e31965f69ffcde8c03cd114
M213751:1,1990-08,,53.906,Index,1990 Aug,53.906,355,raw/tabledata_M213751_62f62cd25bf5df72.json,12c460c3f71a1a1e505894ec77d33ed9c9b289530e31965f69ffcde8c03cd114
M213751:1,1990-09,,54.274,Index,1990 Sep,54.274,356,raw/tabledata_M213751_62f62cd25bf5df72.json,12c460c3f71a1a1e505894ec77d33ed9c9b289530e31965f69ffcde8c03cd114
M213751:1,1990-10,,54.705,Index,1990 Oct,54.705,357,raw/tabledata_M213751_62f62cd25bf5df72.json,12c460c3f71a1a1e505894ec77d33ed9c9b289530e31965f69ffcde8c03cd114
M213751:1,1990-11,,54.691,Index,1990 Nov,54.691,358,raw/tabledata_M213751_62f62cd25bf5df72.json,12c460c3f71a1a1e505894ec77d33ed9c9b289530e31965f69ffcde8c03cd114
M213751:1,1990-12,,54.951,Index,1990 Dec,54.951,359,raw/tabledata_M213751_62f62cd25bf5df72.json,12c460c3f71a1a1e505894ec77d33ed9c9b289530e31965f69ffcde8c03cd114
M213751:1,1991-01,,55.008,Index,1991 Jan,55.008,360,raw/tabledata_M213751_62f62cd25bf5df72.json,12c460c3f71a1a1e505894ec77d33ed9c9b289530e31965f69ffcde8c03cd114
M213751:1,1991-02,,55.459,Index,1991 Feb,55.459,361,raw/tabledata_M213751_62f62cd25bf5df72.json,12c460c3f71a1a1e505894ec77d33ed9c9b289530e31965f69ffcde8c03cd114
M213751:1,1991-03,,55.192,Index,1991 Mar,55.192,362,raw/tabledata_M213751_62f62cd25bf5df72.json,12c460c3f71a1a1e505894ec77d33ed9c9b289530e31965f69ffcde8c03cd114
M213751:1,1991-04,,55.478,Index,1991 Apr,55.478,363,raw/tabledata_M213751_62f62cd25bf5df72.json,12c460c3f71a1a1e505894ec77d33ed9c9b289530e31965f69ffcde8c03cd114
M213751:1,1991-05,,55.658,Index,1991 May,55.658,364,raw/tabledata_M213751_62f62cd25bf5df72.json,12c460c3f71a1a1e505894ec77d33ed9c9b289530e31965f69ffcde8c03cd114
M213751:1,1991-06,,55.788,Index,1991 Jun,55.788,365,raw/tabledata_M213751_62f62cd25bf5df72.json,12c460c3f71a1a1e505894ec77d33ed9c9b289530e31965f69ffcde8c03cd114
M213751:1,1991-07,,55.862,Index,1991 Jul,55.862,366,raw/tabledata_M213751_62f62cd25bf5df72.json,12c460c3f71a1a1e505894ec77d33ed9c9b289530e31965f69ffcde8c03cd114
M213751:1,1991-08,,56.0,Index,1991 Aug,56,367,raw/tabledata_M213751_62f62cd25bf5df72.json,12c460c3f71a1a1e505894ec77d33ed9c9b289530e31965f69ffcde8c03cd114
M213751:1,1991-09,,55.969,Index,1991 Sep,55.969,368,raw/tabledata_M213751_62f62cd25bf5df72.json,12c460c3f71a1a1e505894ec77d33ed9c9b289530e31965f69ffcde8c03cd114
M213751:1,1991-10,,55.993,Index,1991 Oct,55.993,369,raw/tabledata_M213751_62f62cd25bf5df72.json,12c460c3f71a1a1e505894ec77d33ed9c9b289530e31965f69ffcde8c03cd114
M213751:1,1991-11,,56.083,Index,1991 Nov,56.083,370,raw/tabledata_M213751_62f62cd25bf5df72.json,12c460c3f71a1a1e505894ec77d33ed9c9b289530e31965f69ffcde8c03cd114
M213751:1,1991-12,,56.531,Index,1991 Dec,56.531,371,raw/tabledata_M213751_62f62cd25bf5df72.json,12c460c3f71a1a1e505894ec77d33ed9c9b289530e31965f69ffcde8c03cd114
M213751:1,1992-01,,56.531,Index,1992 Jan,56.531,372,raw/tabledata_M213751_62f62cd25bf5df72.json,12c460c3f71a1a1e505894ec77d33ed9c9b289530e31965f69ffcde8c03cd114
M213751:1,1992-02,,56.454,Index,1992 Feb,56.454,373,raw/tabledata_M213751_62f62cd25bf5df72.json,12c460c3f71a1a1e505894ec77d33ed9c9b289530e31965f69ffcde8c03cd114
M213751:1,1992-03,,56.355,Index,1992 Mar,56.355,374,raw/tabledata_M213751_62f62cd25bf5df72.json,12c460c3f71a1a1e505894ec77d33ed9c9b289530e31965f69ffcde8c03cd114
M213751:1,1992-04,,56.708,Index,1992 Apr,56.708,375,raw/tabledata_M213751_62f62cd25bf5df72.json,12c460c3f71a1a1e505894ec77d33ed9c9b289530e31965f69ffcde8c03cd114
M213751:1,1992-05,,57.002,Index,1992 May,57.002,376,raw/tabledata_M213751_62f62cd25bf5df72.json,12c460c3f71a1a1e505894ec77d33ed9c9b289530e31965f69ffcde8c03cd114
M213751:1,1992-06,,57.009,Index,1992 Jun,57.009,377,raw/tabledata_M213751_62f62cd25bf5df72.json,12c460c3f71a1a1e505894ec77d33ed9c9b289530e31965f69ffcde8c03cd114
M213751:1,1992-07,,57.254,Index,1992 Jul,57.254,378,raw/tabledata_M213751_62f62cd25bf5df72.json,12c460c3f71a1a1e505894ec77d33ed9c9b289530e31965f69ffcde8c03cd114
M213751:1,1992-08,,57.153,Index,1992 Aug,57.153,379,raw/tabledata_M213751_62f62cd25bf5df72.json,12c460c3f71a1a1e505894ec77d33ed9c9b289530e31965f69ffcde8c03cd114
M213751:1,1992-09,,57.192,Index,1992 Sep,57.192,380,raw/tabledata_M213751_62f62cd25bf5df72.json,12c460c3f71a1a1e505894ec77d33ed9c9b289530e31965f69ffcde8c03cd114
M213751:1,1992-10,,57.334,Index,1992 Oct,57.334,381,raw/tabledata_M213751_62f62cd25bf5df72.json,12c460c3f71a1a1e505894ec77d33ed9c9b289530e31965f69ffcde8c03cd114
M213751:1,1992-11,,57.496,Index,1992 Nov,57.496,382,raw/tabledata_M213751_62f62cd25bf5df72.json,12c460c3f71a1a1e505894ec77d33ed9c9b289530e31965f69ffcde8c03cd114
M213751:1,1992-12,,57.543,Index,1992 Dec,57.543,383,raw/tabledata_M213751_62f62cd25bf5df72.json,12c460c3f71a1a1e505894ec77d33ed9c9b289530e31965f69ffcde8c03cd114
M213751:1,1993-01,,57.984,Index,1993 Jan,57.984,384,raw/tabledata_M213751_62f62cd25bf5df72.json,12c460c3f71a1a1e505894ec77d33ed9c9b289530e31965f69ffcde8c03cd114
M213751:1,1993-02,,57.713,Index,1993 Feb,57.713,385,raw/tabledata_M213751_62f62cd25bf5df72.json,12c460c3f71a1a1e505894ec77d33ed9c9b289530e31965f69ffcde8c03cd114
M213751:1,1993-03,,57.854,Index,1993 Mar,57.854,386,raw/tabledata_M213751_62f62cd25bf5df72.json,12c460c3f71a1a1e505894ec77d33ed9c9b289530e31965f69ffcde8c03cd114
M213751:1,1993-04,,58.023,Index,1993 Apr,58.023,387,raw/tabledata_M213751_62f62cd25bf5df72.json,12c460c3f71a1a1e505894ec77d33ed9c9b289530e31965f69ffcde8c03cd114
M213751:1,1993-05,,58.184,Index,1993 May,58.184,388,raw/tabledata_M213751_62f62cd25bf5df72.json,12c460c3f71a1a1e505894ec77d33ed9c9b289530e31965f69ffcde8c03cd114
M213751:1,1993-06,,58.203,Index,1993 Jun,58.203,389,raw/tabledata_M213751_62f62cd25bf5df72.json,12c460c3f71a1a1e505894ec77d33ed9c9b289530e31965f69ffcde8c03cd114
M213751:1,1993-07,,58.481,Index,1993 Jul,58.481,390,raw/tabledata_M213751_62f62cd25bf5df72.json,12c460c3f71a1a1e505894ec77d33ed9c9b289530e31965f69ffcde8c03cd114
M213751:1,1993-08,,58.389,Index,1993 Aug,58.389,391,raw/tabledata_M213751_62f62cd25bf5df72.json,12c460c3f71a1a1e505894ec77d33ed9c9b289530e31965f69ffcde8c03cd114
M213751:1,1993-09,,58.42,Index,1993 Sep,58.42,392,raw/tabledata_M213751_62f62cd25bf5df72.json,12c460c3f71a1a1e505894ec77d33ed9c9b289530e31965f69ffcde8c03cd114
M213751:1,1993-10,,58.627,Index,1993 Oct,58.627,393,raw/tabledata_M213751_62f62cd25bf5df72.json,12c460c3f71a1a1e505894ec77d33ed9c9b289530e31965f69ffcde8c03cd114
M213751:1,1993-11,,58.811,Index,1993 Nov,58.811,394,raw/tabledata_M213751_62f62cd25bf5df72.json,12c460c3f71a1a1e505894ec77d33ed9c9b289530e31965f69ffcde8c03cd114
M213751:1,1993-12,,59.013,Index,1993 Dec,59.013,395,raw/tabledata_M213751_62f62cd25bf5df72.json,12c460c3f71a1a1e505894ec77d33ed9c9b289530e31965f69ffcde8c03cd114
M213751:1,1994-01,,59.311,Index,1994 Jan,59.311,396,raw/tabledata_M213751_62f62cd25bf5df72.json,12c460c3f71a1a1e505894ec77d33ed9c9b289530e31965f69ffcde8c03cd114
M213751:1,1994-02,,59.504,Index,1994 Feb,59.504,397,raw/tabledata_M213751_62f62cd25bf5df72.json,12c460c3f71a1a1e505894ec77d33ed9c9b289530e31965f69ffcde8c03cd114
M213751:1,1994-03,,59.206,Index,1994 Mar,59.206,398,raw/tabledata_M213751_62f62cd25bf5df72.json,12c460c3f71a1a1e505894ec77d33ed9c9b289530e31965f69ffcde8c03cd114
M213751:1,1994-04,,59.651,Index,1994 Apr,59.651,399,raw/tabledata_M213751_62f62cd25bf5df72.json,12c460c3f71a1a1e505894ec77d33ed9c9b289530e31965f69ffcde8c03cd114
M213751:1,1994-05,,59.953,Index,1994 May,59.953,400,raw/tabledata_M213751_62f62cd25bf5df72.json,12c460c3f71a1a1e505894ec77d33ed9c9b289530e31965f69ffcde8c03cd114
M213751:1,1994-06,,60.239,Index,1994 Jun,60.239,401,raw/tabledata_M213751_62f62cd25bf5df72.json,12c460c3f71a1a1e505894ec77d33ed9c9b289530e31965f69ffcde8c03cd114
M213751:1,1994-07,,60.354,Index,1994 Jul,60.354,402,raw/tabledata_M213751_62f62cd25bf5df72.json,12c460c3f71a1a1e505894ec77d33ed9c9b289530e31965f69ffcde8c03cd114
M213751:1,1994-08,,60.432,Index,1994 Aug,60.432,403,raw/tabledata_M213751_62f62cd25bf5df72.json,12c460c3f71a1a1e505894ec77d33ed9c9b289530e31965f69ffcde8c03cd114
M213751:1,1994-09,,60.455,Index,1994 Sep,60.455,404,raw/tabledata_M213751_62f62cd25bf5df72.json,12c460c3f71a1a1e505894ec77d33ed9c9b289530e31965f69ffcde8c03cd114
M213751:1,1994-10,,60.662,Index,1994 Oct,60.662,405,raw/tabledata_M213751_62f62cd25bf5df72.json,12c460c3f71a1a1e505894ec77d33ed9c9b289530e31965f69ffcde8c03cd114
M213751:1,1994-11,,60.885,Index,1994 Nov,60.885,406,raw/tabledata_M213751_62f62cd25bf5df72.json,12c460c3f71a1a1e505894ec77d33ed9c9b289530e31965f69ffcde8c03cd114
M213751:1,1994-12,,60.71,Index,1994 Dec,60.71,407,raw/tabledata_M213751_62f62cd25bf5df72.json,12c460c3f71a1a1e505894ec77d33ed9c9b289530e31965f69ffcde8c03cd114
M213751:1,1995-01,,60.841,Index,1995 Jan,60.841,408,raw/tabledata_M213751_62f62cd25bf5df72.json,12c460c3f71a1a1e505894ec77d33ed9c9b289530e31965f69ffcde8c03cd114
M213751:1,1995-02,,60.904,Index,1995 Feb,60.904,409,raw/tabledata_M213751_62f62cd25bf5df72.json,12c460c3f71a1a1e505894ec77d33ed9c9b289530e31965f69ffcde8c03cd114
M213751:1,1995-03,,60.717,Index,1995 Mar,60.717,410,raw/tabledata_M213751_62f62cd25bf5df72.json,12c460c3f71a1a1e505894ec77d33ed9c9b289530e31965f69ffcde8c03cd114
M213751:1,1995-04,,61.01,Index,1995 Apr,61.01,411,raw/tabledata_M213751_62f62cd25bf5df72.json,12c460c3f71a1a1e505894ec77d33ed9c9b289530e31965f69ffcde8c03cd114
M213751:1,1995-05,,61.245,Index,1995 May,61.245,412,raw/tabledata_M213751_62f62cd25bf5df72.json,12c460c3f71a1a1e505894ec77d33ed9c9b289530e31965f69ffcde8c03cd114
M213751:1,1995-06,,61.335,Index,1995 Jun,61.335,413,raw/tabledata_M213751_62f62cd25bf5df72.json,12c460c3f71a1a1e505894ec77d33ed9c9b289530e31965f69ffcde8c03cd114
M213751:1,1995-07,,61.239,Index,1995 Jul,61.239,414,raw/tabledata_M213751_62f62cd25bf5df72.json,12c460c3f71a1a1e505894ec77d33ed9c9b289530e31965f69ffcde8c03cd114
M213751:1,1995-08,,61.256,Index,1995 Aug,61.256,415,raw/tabledata_M213751_62f62cd25bf5df72.json,12c460c3f71a1a1e505894ec77d33ed9c9b289530e31965f69ffcde8c03cd114
M213751:1,1995-09,,61.259,Index,1995 Sep,61.259,416,raw/tabledata_M213751_62f62cd25bf5df72.json,12c460c3f71a1a1e505894ec77d33ed9c9b289530e31965f69ffcde8c03cd114
M213751:1,1995-10,,61.326,Index,1995 Oct,61.326,417,raw/tabledata_M213751_62f62cd25bf5df72.json,12c460c3f71a1a1e505894ec77d33ed9c9b289530e31965f69ffcde8c03cd114
M213751:1,1995-11,,61.45,Index,1995 Nov,61.45,418,raw/tabledata_M213751_62f62cd25bf5df72.json,12c460c3f71a1a1e505894ec77d33ed9c9b289530e31965f69ffcde8c03cd114
M213751:1,1995-12,,61.221,Index,1995 Dec,61.221,419,raw/tabledata_M213751_62f62cd25bf5df72.json,12c460c3f71a1a1e505894ec77d33ed9c9b289530e31965f69ffcde8c03cd114
M213751:1,1996-01,,61.389,Index,1996 Jan,61.389,420,raw/tabledata_M213751_62f62cd25bf5df72.json,12c460c3f71a1a1e505894ec77d33ed9c9b289530e31965f69ffcde8c03cd114
M213751:1,1996-02,,61.893,Index,1996 Feb,61.893,421,raw/tabledata_M213751_62f62cd25bf5df72.json,12c460c3f71a1a1e505894ec77d33ed9c9b289530e31965f69ffcde8c03cd114
M213751:1,1996-03,,61.621,Index,1996 Mar,61.621,422,raw/tabledata_M213751_62f62cd25bf5df72.json,12c460c3f71a1a1e505894ec77d33ed9c9b289530e31965f69ffcde8c03cd114
M213751:1,1996-04,,61.689,Index,1996 Apr,61.689,423,raw/tabledata_M213751_62f62cd25bf5df72.json,12c460c3f71a1a1e505894ec77d33ed9c9b289530e31965f69ffcde8c03cd114
M213751:1,1996-05,,61.984,Index,1996 May,61.984,424,raw/tabledata_M213751_62f62cd25bf5df72.json,12c460c3f71a1a1e505894ec77d33ed9c9b289530e31965f69ffcde8c03cd114
M213751:1,1996-06,,62.046,Index,1996 Jun,62.046,425,raw/tabledata_M213751_62f62cd25bf5df72.json,12c460c3f71a1a1e505894ec77d33ed9c9b289530e31965f69ffcde8c03cd114
M213751:1,1996-07,,62.048,Index,1996 Jul,62.048,426,raw/tabledata_M213751_62f62cd25bf5df72.json,12c460c3f71a1a1e505894ec77d33ed9c9b289530e31965f69ffcde8c03cd114
M213751:1,1996-08,,62.135,Index,1996 Aug,62.135,427,raw/tabledata_M213751_62f62cd25bf5df72.json,12c460c3f71a1a1e505894ec77d33ed9c9b289530e31965f69ffcde8c03cd114
M213751:1,1996-09,,62.164,Index,1996 Sep,62.164,428,raw/tabledata_M213751_62f62cd25bf5df72.json,12c460c3f71a1a1e505894ec77d33ed9c9b289530e31965f69ffcde8c03cd114
M213751:1,1996-10,,62.181,Index,1996 Oct,62.181,429,raw/tabledata_M213751_62f62cd25bf5df72.json,12c460c3f71a1a1e505894ec77d33ed9c9b289530e31965f69ffcde8c03cd114
M213751:1,1996-11,,62.33,Index,1996 Nov,62.33,430,raw/tabledata_M213751_62f62cd25bf5df72.json,12c460c3f71a1a1e505894ec77d33ed9c9b289530e31965f69ffcde8c03cd114
M213751:1,1996-12,,62.444,Index,1996 Dec,62.444,431,raw/tabledata_M213751_62f62cd25bf5df72.json,12c460c3f71a1a1e505894ec77d33ed9c9b289530e31965f69ffcde8c03cd114
M213751:1,1997-01,,62.577,Index,1997 Jan,62.577,432,raw/tabledata_M213751_62f62cd25bf5df72.json,12c460c3f71a1a1e505894ec77d33ed9c9b289530e31965f69ffcde8c03cd114
M213751:1,1997-02,,62.897,Index,1997 Feb,62.897,433,raw/tabledata_M213751_62f62cd25bf5df72.json,12c460c3f71a1a1e505894ec77d33ed9c9b289530e31965f69ffcde8c03cd114
M213751:1,1997-03,,62.589,Index,1997 Mar,62.589,434,raw/tabledata_M213751_62f62cd25bf5df72.json,12c460c3f71a1a1e505894ec77d33ed9c9b289530e31965f69ffcde8c03cd114
M213751:1,1997-04,,62.877,Index,1997 Apr,62.877,435,raw/tabledata_M213751_62f62cd25bf5df72.json,12c460c3f71a1a1e505894ec77d33ed9c9b289530e31965f69ffcde8c03cd114
M213751:1,1997-05,,63.006,Index,1997 May,63.006,436,raw/tabledata_M213751_62f62cd25bf5df72.json,12c460c3f71a1a1e505894ec77d33ed9c9b289530e31965f69ffcde8c03cd114
M213751:1,1997-06,,63.117,Index,1997 Jun,63.117,437,raw/tabledata_M213751_62f62cd25bf5df72.json,12c460c3f71a1a1e505894ec77d33ed9c9b289530e31965f69ffcde8c03cd114
M213751:1,1997-07,,63.363,Index,1997 Jul,63.363,438,raw/tabledata_M213751_62f62cd25bf5df72.json,12c460c3f71a1a1e505894ec77d33ed9c9b289530e31965f69ffcde8c03cd114
M213751:1,1997-08,,63.58,Index,1997 Aug,63.58,439,raw/tabledata_M213751_62f62cd25bf5df72.json,12c460c3f71a1a1e505894ec77d33ed9c9b289530e31965f69ffcde8c03cd114
M213751:1,1997-09,,63.712,Index,1997 Sep,63.712,440,raw/tabledata_M213751_62f62cd25bf5df72.json,12c460c3f71a1a1e505894ec77d33ed9c9b289530e31965f69ffcde8c03cd114
M213751:1,1997-10,,63.744,Index,1997 Oct,63.744,441,raw/tabledata_M213751_62f62cd25bf5df72.json,12c460c3f71a1a1e505894ec77d33ed9c9b289530e31965f69ffcde8c03cd114
M213751:1,1997-11,,63.789,Index,1997 Nov,63.789,442,raw/tabledata_M213751_62f62cd25bf5df72.json,12c460c3f71a1a1e505894ec77d33ed9c9b289530e31965f69ffcde8c03cd114
M213751:1,1997-12,,63.723,Index,1997 Dec,63.723,443,raw/tabledata_M213751_62f62cd25bf5df72.json,12c460c3f71a1a1e505894ec77d33ed9c9b289530e31965f69ffcde8c03cd114
M213751:1,1998-01,,63.527,Index,1998 Jan,63.527,444,raw/tabledata_M213751_62f62cd25bf5df72.json,12c460c3f71a1a1e505894ec77d33ed9c9b289530e31965f69ffcde8c03cd114
M213751:1,1998-02,,63.486,Index,1998 Feb,63.486,445,raw/tabledata_M213751_62f62cd25bf5df72.json,12c460c3f71a1a1e505894ec77d33ed9c9b289530e31965f69ffcde8c03cd114
M213751:1,1998-03,,63.159,Index,1998 Mar,63.159,446,raw/tabledata_M213751_62f62cd25bf5df72.json,12c460c3f71a1a1e505894ec77d33ed9c9b289530e31965f69ffcde8c03cd114
M213751:1,1998-04,,63.195,Index,1998 Apr,63.195,447,raw/tabledata_M213751_62f62cd25bf5df72.json,12c460c3f71a1a1e505894ec77d33ed9c9b289530e31965f69ffcde8c03cd114
M213751:1,1998-05,,63.047,Index,1998 May,63.047,448,raw/tabledata_M213751_62f62cd25bf5df72.json,12c460c3f71a1a1e505894ec77d33ed9c9b289530e31965f69ffcde8c03cd114
M213751:1,1998-06,,62.995,Index,1998 Jun,62.995,449,raw/tabledata_M213751_62f62cd25bf5df72.json,12c460c3f71a1a1e505894ec77d33ed9c9b289530e31965f69ffcde8c03cd114
M213751:1,1998-07,,63.06,Index,1998 Jul,63.06,450,raw/tabledata_M213751_62f62cd25bf5df72.json,12c460c3f71a1a1e505894ec77d33ed9c9b289530e31965f69ffcde8c03cd114
M213751:1,1998-08,,62.967,Index,1998 Aug,62.967,451,raw/tabledata_M213751_62f62cd25bf5df72.json,12c460c3f71a1a1e505894ec77d33ed9c9b289530e31965f69ffcde8c03cd114
M213751:1,1998-09,,62.907,Index,1998 Sep,62.907,452,raw/tabledata_M213751_62f62cd25bf5df72.json,12c460c3f71a1a1e505894ec77d33ed9c9b289530e31965f69ffcde8c03cd114
M213751:1,1998-10,,62.808,Index,1998 Oct,62.808,453,raw/tabledata_M213751_62f62cd25bf5df72.json,12c460c3f71a1a1e505894ec77d33ed9c9b289530e31965f69ffcde8c03cd114
M213751:1,1998-11,,62.952,Index,1998 Nov,62.952,454,raw/tabledata_M213751_62f62cd25bf5df72.json,12c460c3f71a1a1e505894ec77d33ed9c9b289530e31965f69ffcde8c03cd114
M213751:1,1998-12,,62.813,Index,1998 Dec,62.813,455,raw/tabledata_M213751_62f62cd25bf5df72.json,12c460c3f71a1a1e505894ec77d33ed9c9b289530e31965f69ffcde8c03cd114
M213751:1,1999-01,,62.944,Index,1999 Jan,62.944,456,raw/tabledata_M213751_62f62cd25bf5df72.json,12c460c3f71a1a1e505894ec77d33ed9c9b289530e31965f69ffcde8c03cd114
M213751:1,1999-02,,63.022,Index,1999 Feb,63.022,457,raw/tabledata_M213751_62f62cd25bf5df72.json,12c460c3f71a1a1e505894ec77d33ed9c9b289530e31965f69ffcde8c03cd114
M213751:1,1999-03,,62.831,Index,1999 Mar,62.831,458,raw/tabledata_M213751_62f62cd25bf5df72.json,12c460c3f71a1a1e505894ec77d33ed9c9b289530e31965f69ffcde8c03cd114
M213751:1,1999-04,,62.994,Index,1999 Apr,62.994,459,raw/tabledata_M213751_62f62cd25bf5df72.json,12c460c3f71a1a1e505894ec77d33ed9c9b289530e31965f69ffcde8c03cd114
M213751:1,1999-05,,63.138,Index,1999 May,63.138,460,raw/tabledata_M213751_62f62cd25bf5df72.json,12c460c3f71a1a1e505894ec77d33ed9c9b289530e31965f69ffcde8c03cd114
M213751:1,1999-06,,63.075,Index,1999 Jun,63.075,461,raw/tabledata_M213751_62f62cd25bf5df72.json,12c460c3f71a1a1e505894ec77d33ed9c9b289530e31965f69ffcde8c03cd114
M213751:1,1999-07,,63.163,Index,1999 Jul,63.163,462,raw/tabledata_M213751_62f62cd25bf5df72.json,12c460c3f71a1a1e505894ec77d33ed9c9b289530e31965f69ffcde8c03cd114
M213751:1,1999-08,,63.202,Index,1999 Aug,63.202,463,raw/tabledata_M213751_62f62cd25bf5df72.json,12c460c3f71a1a1e505894ec77d33ed9c9b289530e31965f69ffcde8c03cd114
M213751:1,1999-09,,63.178,Index,1999 Sep,63.178,464,raw/tabledata_M213751_62f62cd25bf5df72.json,12c460c3f71a1a1e505894ec77d33ed9c9b289530e31965f69ffcde8c03cd114
M213751:1,1999-10,,63.131,Index,1999 Oct,63.131,465,raw/tabledata_M213751_62f62cd25bf5df72.json,12c460c3f71a1a1e505894ec77d33ed9c9b289530e31965f69ffcde8c03cd114
M213751:1,1999-11,,63.177,Index,1999 Nov,63.177,466,raw/tabledata_M213751_62f62cd25bf5df72.json,12c460c3f71a1a1e505894ec77d33ed9c9b289530e31965f69ffcde8c03cd114
M213751:1,1999-12,,63.239,Index,1999 Dec,63.239,467,raw/tabledata_M213751_62f62cd25bf5df72.json,12c460c3f71a1a1e505894ec77d33ed9c9b289530e31965f69ffcde8c03cd114
M213751:1,2000-01,,63.518,Index,2000 Jan,63.518,468,raw/tabledata_M213751_62f62cd25bf5df72.json,12c460c3f71a1a1e505894ec77d33ed9c9b289530e31965f69ffcde8c03cd114
M213751:1,2000-02,,63.82,Index,2000 Feb,63.82,469,raw/tabledata_M213751_62f62cd25bf5df72.json,12c460c3f71a1a1e505894ec77d33ed9c9b289530e31965f69ffcde8c03cd114
M213751:1,2000-03,,63.602,Index,2000 Mar,63.602,470,raw/tabledata_M213751_62f62cd25bf5df72.json,12c460c3f71a1a1e505894ec77d33ed9c9b289530e31965f69ffcde8c03cd114
M213751:1,2000-04,,63.693,Index,2000 Apr,63.693,471,raw/tabledata_M213751_62f62cd25bf5df72.json,12c460c3f71a1a1e505894ec77d33ed9c9b289530e31965f69ffcde8c03cd114
M213751:1,2000-05,,63.464,Index,2000 May,63.464,472,raw/tabledata_M213751_62f62cd25bf5df72.json,12c460c3f71a1a1e505894ec77d33ed9c9b289530e31965f69ffcde8c03cd114
M213751:1,2000-06,,63.567,Index,2000 Jun,63.567,473,raw/tabledata_M213751_62f62cd25bf5df72.json,12c460c3f71a1a1e505894ec77d33ed9c9b289530e31965f69ffcde8c03cd114
M213751:1,2000-07,,63.892,Index,2000 Jul,63.892,474,raw/tabledata_M213751_62f62cd25bf5df72.json,12c460c3f71a1a1e505894ec77d33ed9c9b289530e31965f69ffcde8c03cd114
M213751:1,2000-08,,64.229,Index,2000 Aug,64.229,475,raw/tabledata_M213751_62f62cd25bf5df72.json,12c460c3f71a1a1e505894ec77d33ed9c9b289530e31965f69ffcde8c03cd114
M213751:1,2000-09,,64.244,Index,2000 Sep,64.244,476,raw/tabledata_M213751_62f62cd25bf5df72.json,12c460c3f71a1a1e505894ec77d33ed9c9b289530e31965f69ffcde8c03cd114
M213751:1,2000-10,,64.293,Index,2000 Oct,64.293,477,raw/tabledata_M213751_62f62cd25bf5df72.json,12c460c3f71a1a1e505894ec77d33ed9c9b289530e31965f69ffcde8c03cd114
M213751:1,2000-11,,64.435,Index,2000 Nov,64.435,478,raw/tabledata_M213751_62f62cd25bf5df72.json,12c460c3f71a1a1e505894ec77d33ed9c9b289530e31965f69ffcde8c03cd114
M213751:1,2000-12,,64.543,Index,2000 Dec,64.543,479,raw/tabledata_M213751_62f62cd25bf5df72.json,12c460c3f71a1a1e505894ec77d33ed9c9b289530e31965f69ffcde8c03cd114
M213751:1,2001-01,,64.782,Index,2001 Jan,64.782,480,raw/tabledata_M213751_62f62cd25bf5df72.json,12c460c3f71a1a1e505894ec77d33ed9c9b289530e31965f69ffcde8c03cd114
M213751:1,2001-02,,64.659,Index,2001 Feb,64.659,481,raw/tabledata_M213751_62f62cd25bf5df72.json,12c460c3f71a1a1e505894ec77d33ed9c9b289530e31965f69ffcde8c03cd114
M213751:1,2001-03,,64.775,Index,2001 Mar,64.775,482,raw/tabledata_M213751_62f62cd25bf5df72.json,12c460c3f71a1a1e505894ec77d33ed9c9b289530e31965f69ffcde8c03cd114
M213751:1,2001-04,,64.952,Index,2001 Apr,64.952,483,raw/tabledata_M213751_62f62cd25bf5df72.json,12c460c3f71a1a1e505894ec77d33ed9c9b289530e31965f69ffcde8c03cd114
M213751:1,2001-05,,64.69,Index,2001 May,64.69,484,raw/tabledata_M213751_62f62cd25bf5df72.json,12c460c3f71a1a1e505894ec77d33ed9c9b289530e31965f69ffcde8c03cd114
M213751:1,2001-06,,64.336,Index,2001 Jun,64.336,485,raw/tabledata_M213751_62f62cd25bf5df72.json,12c460c3f71a1a1e505894ec77d33ed9c9b289530e31965f69ffcde8c03cd114
M213751:1,2001-07,,64.722,Index,2001 Jul,64.722,486,raw/tabledata_M213751_62f62cd25bf5df72.json,12c460c3f71a1a1e505894ec77d33ed9c9b289530e31965f69ffcde8c03cd114
M213751:1,2001-08,,64.684,Index,2001 Aug,64.684,487,raw/tabledata_M213751_62f62cd25bf5df72.json,12c460c3f71a1a1e505894ec77d33ed9c9b289530e31965f69ffcde8c03cd114
M213751:1,2001-09,,64.594,Index,2001 Sep,64.594,488,raw/tabledata_M213751_62f62cd25bf5df72.json,12c460c3f71a1a1e505894ec77d33ed9c9b289530e31965f69ffcde8c03cd114
M213751:1,2001-10,,64.432,Index,2001 Oct,64.432,489,raw/tabledata_M213751_62f62cd25bf5df72.json,12c460c3f71a1a1e505894ec77d33ed9c9b289530e31965f69ffcde8c03cd114
M213751:1,2001-11,,64.296,Index,2001 Nov,64.296,490,raw/tabledata_M213751_62f62cd25bf5df72.json,12c460c3f71a1a1e505894ec77d33ed9c9b289530e31965f69ffcde8c03cd114
M213751:1,2001-12,,64.163,Index,2001 Dec,64.163,491,raw/tabledata_M213751_62f62cd25bf5df72.json,12c460c3f71a1a1e505894ec77d33ed9c9b289530e31965f69ffcde8c03cd114
M213751:1,2002-01,,64.069,Index,2002 Jan,64.069,492,raw/tabledata_M213751_62f62cd25bf5df72.json,12c460c3f71a1a1e505894ec77d33ed9c9b289530e31965f69ffcde8c03cd114
M213751:1,2002-02,,64.259,Index,2002 Feb,64.259,493,raw/tabledata_M213751_62f62cd25bf5df72.json,12c460c3f71a1a1e505894ec77d33ed9c9b289530e31965f69ffcde8c03cd114
M213751:1,2002-03,,64.198,Index,2002 Mar,64.198,494,raw/tabledata_M213751_62f62cd25bf5df72.json,12c460c3f71a1a1e505894ec77d33ed9c9b289530e31965f69ffcde8c03cd114
M213751:1,2002-04,,64.267,Index,2002 Apr,64.267,495,raw/tabledata_M213751_62f62cd25bf5df72.json,12c460c3f71a1a1e505894ec77d33ed9c9b289530e31965f69ffcde8c03cd114
M213751:1,2002-05,,64.467,Index,2002 May,64.467,496,raw/tabledata_M213751_62f62cd25bf5df72.json,12c460c3f71a1a1e505894ec77d33ed9c9b289530e31965f69ffcde8c03cd114
M213751:1,2002-06,,64.427,Index,2002 Jun,64.427,497,raw/tabledata_M213751_62f62cd25bf5df72.json,12c460c3f71a1a1e505894ec77d33ed9c9b289530e31965f69ffcde8c03cd114
M213751:1,2002-07,,64.448,Index,2002 Jul,64.448,498,raw/tabledata_M213751_62f62cd25bf5df72.json,12c460c3f71a1a1e505894ec77d33ed9c9b289530e31965f69ffcde8c03cd114
M213751:1,2002-08,,64.401,Index,2002 Aug,64.401,499,raw/tabledata_M213751_62f62cd25bf5df72.json,12c460c3f71a1a1e505894ec77d33ed9c9b289530e31965f69ffcde8c03cd114
M213751:1,2002-09,,64.321,Index,2002 Sep,64.321,500,raw/tabledata_M213751_62f62cd25bf5df72.json,12c460c3f71a1a1e505894ec77d33ed9c9b289530e31965f69ffcde8c03cd114
M213751:1,2002-10,,64.303,Index,2002 Oct,64.303,501,raw/tabledata_M213751_62f62cd25bf5df72.json,12c460c3f71a1a1e505894ec77d33ed9c9b289530e31965f69ffcde8c03cd114
M213751:1,2002-11,,64.446,Index,2002 Nov,64.446,502,raw/tabledata_M213751_62f62cd25bf5df72.json,12c460c3f71a1a1e505894ec77d33ed9c9b289530e31965f69ffcde8c03cd114
M213751:1,2002-12,,64.443,Index,2002 Dec,64.443,503,raw/tabledata_M213751_62f62cd25bf5df72.json,12c460c3f71a1a1e505894ec77d33ed9c9b289530e31965f69ffcde8c03cd114
M213751:1,2003-01,,64.629,Index,2003 Jan,64.629,504,raw/tabledata_M213751_62f62cd25bf5df72.json,12c460c3f71a1a1e505894ec77d33ed9c9b289530e31965f69ffcde8c03cd114
M213751:1,2003-02,,64.511,Index,2003 Feb,64.511,505,raw/tabledata_M213751_62f62cd25bf5df72.json,12c460c3f71a1a1e505894ec77d33ed9c9b289530e31965f69ffcde8c03cd114
M213751:1,2003-03,,64.69,Index,2003 Mar,64.69,506,raw/tabledata_M213751_62f62cd25bf5df72.json,12c460c3f71a1a1e505894ec77d33ed9c9b289530e31965f69ffcde8c03cd114
M213751:1,2003-04,,64.822,Index,2003 Apr,64.822,507,raw/tabledata_M213751_62f62cd25bf5df72.json,12c460c3f71a1a1e505894ec77d33ed9c9b289530e31965f69ffcde8c03cd114
M213751:1,2003-05,,64.411,Index,2003 May,64.411,508,raw/tabledata_M213751_62f62cd25bf5df72.json,12c460c3f71a1a1e505894ec77d33ed9c9b289530e31965f69ffcde8c03cd114
M213751:1,2003-06,,64.219,Index,2003 Jun,64.219,509,raw/tabledata_M213751_62f62cd25bf5df72.json,12c460c3f71a1a1e505894ec77d33ed9c9b289530e31965f69ffcde8c03cd114
M213751:1,2003-07,,64.62,Index,2003 Jul,64.62,510,raw/tabledata_M213751_62f62cd25bf5df72.json,12c460c3f71a1a1e505894ec77d33ed9c9b289530e31965f69ffcde8c03cd114
M213751:1,2003-08,,64.696,Index,2003 Aug,64.696,511,raw/tabledata_M213751_62f62cd25bf5df72.json,12c460c3f71a1a1e505894ec77d33ed9c9b289530e31965f69ffcde8c03cd114
M213751:1,2003-09,,64.764,Index,2003 Sep,64.764,512,raw/tabledata_M213751_62f62cd25bf5df72.json,12c460c3f71a1a1e505894ec77d33ed9c9b289530e31965f69ffcde8c03cd114
M213751:1,2003-10,,64.719,Index,2003 Oct,64.719,513,raw/tabledata_M213751_62f62cd25bf5df72.json,12c460c3f71a1a1e505894ec77d33ed9c9b289530e31965f69ffcde8c03cd114
M213751:1,2003-11,,64.807,Index,2003 Nov,64.807,514,raw/tabledata_M213751_62f62cd25bf5df72.json,12c460c3f71a1a1e505894ec77d33ed9c9b289530e31965f69ffcde8c03cd114
M213751:1,2003-12,,64.924,Index,2003 Dec,64.924,515,raw/tabledata_M213751_62f62cd25bf5df72.json,12c460c3f71a1a1e505894ec77d33ed9c9b289530e31965f69ffcde8c03cd114
M213751:1,2004-01,,65.065,Index,2004 Jan,65.065,516,raw/tabledata_M213751_62f62cd25bf5df72.json,12c460c3f71a1a1e505894ec77d33ed9c9b289530e31965f69ffcde8c03cd114
M213751:1,2004-02,,65.814,Index,2004 Feb,65.814,517,raw/tabledata_M213751_62f62cd25bf5df72.json,12c460c3f71a1a1e505894ec77d33ed9c9b289530e31965f69ffcde8c03cd114
M213751:1,2004-03,,65.33,Index,2004 Mar,65.33,518,raw/tabledata_M213751_62f62cd25bf5df72.json,12c460c3f71a1a1e505894ec77d33ed9c9b289530e31965f69ffcde8c03cd114
M213751:1,2004-04,,65.77,Index,2004 Apr,65.77,519,raw/tabledata_M213751_62f62cd25bf5df72.json,12c460c3f71a1a1e505894ec77d33ed9c9b289530e31965f69ffcde8c03cd114
M213751:1,2004-05,,65.928,Index,2004 May,65.928,520,raw/tabledata_M213751_62f62cd25bf5df72.json,12c460c3f71a1a1e505894ec77d33ed9c9b289530e31965f69ffcde8c03cd114
M213751:1,2004-06,,65.413,Index,2004 Jun,65.413,521,raw/tabledata_M213751_62f62cd25bf5df72.json,12c460c3f71a1a1e505894ec77d33ed9c9b289530e31965f69ffcde8c03cd114
M213751:1,2004-07,,65.938,Index,2004 Jul,65.938,522,raw/tabledata_M213751_62f62cd25bf5df72.json,12c460c3f71a1a1e505894ec77d33ed9c9b289530e31965f69ffcde8c03cd114
M213751:1,2004-08,,65.853,Index,2004 Aug,65.853,523,raw/tabledata_M213751_62f62cd25bf5df72.json,12c460c3f71a1a1e505894ec77d33ed9c9b289530e31965f69ffcde8c03cd114
M213751:1,2004-09,,65.988,Index,2004 Sep,65.988,524,raw/tabledata_M213751_62f62cd25bf5df72.json,12c460c3f71a1a1e505894ec77d33ed9c9b289530e31965f69ffcde8c03cd114
M213751:1,2004-10,,65.964,Index,2004 Oct,65.964,525,raw/tabledata_M213751_62f62cd25bf5df72.json,12c460c3f71a1a1e505894ec77d33ed9c9b289530e31965f69ffcde8c03cd114
M213751:1,2004-11,,65.945,Index,2004 Nov,65.945,526,raw/tabledata_M213751_62f62cd25bf5df72.json,12c460c3f71a1a1e505894ec77d33ed9c9b289530e31965f69ffcde8c03cd114
M213751:1,2004-12,,65.775,Index,2004 Dec,65.775,527,raw/tabledata_M213751_62f62cd25bf5df72.json,12c460c3f71a1a1e505894ec77d33ed9c9b289530e31965f69ffcde8c03cd114
M213751:1,2005-01,,65.32,Index,2005 Jan,65.32,528,raw/tabledata_M213751_62f62cd25bf5df72.json,12c460c3f71a1a1e505894ec77d33ed9c9b289530e31965f69ffcde8c03cd114
M213751:1,2005-02,,65.801,Index,2005 Feb,65.801,529,raw/tabledata_M213751_62f62cd25bf5df72.json,12c460c3f71a1a1e505894ec77d33ed9c9b289530e31965f69ffcde8c03cd114
M213751:1,2005-03,,65.608,Index,2005 Mar,65.608,530,raw/tabledata_M213751_62f62cd25bf5df72.json,12c460c3f71a1a1e505894ec77d33ed9c9b289530e31965f69ffcde8c03cd114
M213751:1,2005-04,,66.013,Index,2005 Apr,66.013,531,raw/tabledata_M213751_62f62cd25bf5df72.json,12c460c3f71a1a1e505894ec77d33ed9c9b289530e31965f69ffcde8c03cd114
M213751:1,2005-05,,65.91,Index,2005 May,65.91,532,raw/tabledata_M213751_62f62cd25bf5df72.json,12c460c3f71a1a1e505894ec77d33ed9c9b289530e31965f69ffcde8c03cd114
M213751:1,2005-06,,65.308,Index,2005 Jun,65.308,533,raw/tabledata_M213751_62f62cd25bf5df72.json,12c460c3f71a1a1e505894ec77d33ed9c9b289530e31965f69ffcde8c03cd114
M213751:1,2005-07,,65.992,Index,2005 Jul,65.992,534,raw/tabledata_M213751_62f62cd25bf5df72.json,12c460c3f71a1a1e505894ec77d33ed9c9b289530e31965f69ffcde8c03cd114
M213751:1,2005-08,,66.304,Index,2005 Aug,66.304,535,raw/tabledata_M213751_62f62cd25bf5df72.json,12c460c3f71a1a1e505894ec77d33ed9c9b289530e31965f69ffcde8c03cd114
M213751:1,2005-09,,66.397,Index,2005 Sep,66.397,536,raw/tabledata_M213751_62f62cd25bf5df72.json,12c460c3f71a1a1e505894ec77d33ed9c9b289530e31965f69ffcde8c03cd114
M213751:1,2005-10,,66.668,Index,2005 Oct,66.668,537,raw/tabledata_M213751_62f62cd25bf5df72.json,12c460c3f71a1a1e505894ec77d33ed9c9b289530e31965f69ffcde8c03cd114
M213751:1,2005-11,,66.587,Index,2005 Nov,66.587,538,raw/tabledata_M213751_62f62cd25bf5df72.json,12c460c3f71a1a1e505894ec77d33ed9c9b289530e31965f69ffcde8c03cd114
M213751:1,2005-12,,66.609,Index,2005 Dec,66.609,539,raw/tabledata_M213751_62f62cd25bf5df72.json,12c460c3f71a1a1e505894ec77d33ed9c9b289530e31965f69ffcde8c03cd114
M213751:1,2006-01,,66.455,Index,2006 Jan,66.455,540,raw/tabledata_M213751_62f62cd25bf5df72.json,12c460c3f71a1a1e505894ec77d33ed9c9b289530e31965f69ffcde8c03cd114
M213751:1,2006-02,,66.587,Index,2006 Feb,66.587,541,raw/tabledata_M213751_62f62cd25bf5df72.json,12c460c3f71a1a1e505894ec77d33ed9c9b289530e31965f69ffcde8c03cd114
M213751:1,2006-03,,66.366,Index,2006 Mar,66.366,542,raw/tabledata_M213751_62f62cd25bf5df72.json,12c460c3f71a1a1e505894ec77d33ed9c9b289530e31965f69ffcde8c03cd114
M213751:1,2006-04,,66.728,Index,2006 Apr,66.728,543,raw/tabledata_M213751_62f62cd25bf5df72.json,12c460c3f71a1a1e505894ec77d33ed9c9b289530e31965f69ffcde8c03cd114
M213751:1,2006-05,,66.629,Index,2006 May,66.629,544,raw/tabledata_M213751_62f62cd25bf5df72.json,12c460c3f71a1a1e505894ec77d33ed9c9b289530e31965f69ffcde8c03cd114
M213751:1,2006-06,,66.209,Index,2006 Jun,66.209,545,raw/tabledata_M213751_62f62cd25bf5df72.json,12c460c3f71a1a1e505894ec77d33ed9c9b289530e31965f69ffcde8c03cd114
M213751:1,2006-07,,66.71,Index,2006 Jul,66.71,546,raw/tabledata_M213751_62f62cd25bf5df72.json,12c460c3f71a1a1e505894ec77d33ed9c9b289530e31965f69ffcde8c03cd114
M213751:1,2006-08,,66.747,Index,2006 Aug,66.747,547,raw/tabledata_M213751_62f62cd25bf5df72.json,12c460c3f71a1a1e505894ec77d33ed9c9b289530e31965f69ffcde8c03cd114
M213751:1,2006-09,,66.689,Index,2006 Sep,66.689,548,raw/tabledata_M213751_62f62cd25bf5df72.json,12c460c3f71a1a1e505894ec77d33ed9c9b289530e31965f69ffcde8c03cd114
M213751:1,2006-10,,66.95,Index,2006 Oct,66.95,549,raw/tabledata_M213751_62f62cd25bf5df72.json,12c460c3f71a1a1e505894ec77d33ed9c9b289530e31965f69ffcde8c03cd114
M213751:1,2006-11,,66.95,Index,2006 Nov,66.95,550,raw/tabledata_M213751_62f62cd25bf5df72.json,12c460c3f71a1a1e505894ec77d33ed9c9b289530e31965f69ffcde8c03cd114
M213751:1,2006-12,,67.15,Index,2006 Dec,67.15,551,raw/tabledata_M213751_62f62cd25bf5df72.json,12c460c3f71a1a1e505894ec77d33ed9c9b289530e31965f69ffcde8c03cd114
M213751:1,2007-01,,66.072,Index,2007 Jan,66.072,552,raw/tabledata_M213751_62f62cd25bf5df72.json,12c460c3f71a1a1e505894ec77d33ed9c9b289530e31965f69ffcde8c03cd114
M213751:1,2007-02,,66.566,Index,2007 Feb,66.566,553,raw/tabledata_M213751_62f62cd25bf5df72.json,12c460c3f71a1a1e505894ec77d33ed9c9b289530e31965f69ffcde8c03cd114
M213751:1,2007-03,,66.523,Index,2007 Mar,66.523,554,raw/tabledata_M213751_62f62cd25bf5df72.json,12c460c3f71a1a1e505894ec77d33ed9c9b289530e31965f69ffcde8c03cd114
M213751:1,2007-04,,67.035,Index,2007 Apr,67.035,555,raw/tabledata_M213751_62f62cd25bf5df72.json,12c460c3f71a1a1e505894ec77d33ed9c9b289530e31965f69ffcde8c03cd114
M213751:1,2007-05,,67.472,Index,2007 May,67.472,556,raw/tabledata_M213751_62f62cd25bf5df72.json,12c460c3f71a1a1e505894ec77d33ed9c9b289530e31965f69ffcde8c03cd114
M213751:1,2007-06,,67.34,Index,2007 Jun,67.34,557,raw/tabledata_M213751_62f62cd25bf5df72.json,12c460c3f71a1a1e505894ec77d33ed9c9b289530e31965f69ffcde8c03cd114
M213751:1,2007-07,,68.695,Index,2007 Jul,68.695,558,raw/tabledata_M213751_62f62cd25bf5df72.json,12c460c3f71a1a1e505894ec77d33ed9c9b289530e31965f69ffcde8c03cd114
M213751:1,2007-08,,69.051,Index,2007 Aug,69.051,559,raw/tabledata_M213751_62f62cd25bf5df72.json,12c460c3f71a1a1e505894ec77d33ed9c9b289530e31965f69ffcde8c03cd114
M213751:1,2007-09,,68.696,Index,2007 Sep,68.696,560,raw/tabledata_M213751_62f62cd25bf5df72.json,12c460c3f71a1a1e505894ec77d33ed9c9b289530e31965f69ffcde8c03cd114
M213751:1,2007-10,,69.671,Index,2007 Oct,69.671,561,raw/tabledata_M213751_62f62cd25bf5df72.json,12c460c3f71a1a1e505894ec77d33ed9c9b289530e31965f69ffcde8c03cd114
M213751:1,2007-11,,70.204,Index,2007 Nov,70.204,562,raw/tabledata_M213751_62f62cd25bf5df72.json,12c460c3f71a1a1e505894ec77d33ed9c9b289530e31965f69ffcde8c03cd114
M213751:1,2007-12,,69.727,Index,2007 Dec,69.727,563,raw/tabledata_M213751_62f62cd25bf5df72.json,12c460c3f71a1a1e505894ec77d33ed9c9b289530e31965f69ffcde8c03cd114
M213751:1,2008-01,,70.46,Index,2008 Jan,70.46,564,raw/tabledata_M213751_62f62cd25bf5df72.json,12c460c3f71a1a1e505894ec77d33ed9c9b289530e31965f69ffcde8c03cd114
M213751:1,2008-02,,70.937,Index,2008 Feb,70.937,565,raw/tabledata_M213751_62f62cd25bf5df72.json,12c460c3f71a1a1e505894ec77d33ed9c9b289530e31965f69ffcde8c03cd114
M213751:1,2008-03,,71.0,Index,2008 Mar,71,566,raw/tabledata_M213751_62f62cd25bf5df72.json,12c460c3f71a1a1e505894ec77d33ed9c9b289530e31965f69ffcde8c03cd114
M213751:1,2008-04,,72.117,Index,2008 Apr,72.117,567,raw/tabledata_M213751_62f62cd25bf5df72.json,12c460c3f71a1a1e505894ec77d33ed9c9b289530e31965f69ffcde8c03cd114
M213751:1,2008-05,,72.561,Index,2008 May,72.561,568,raw/tabledata_M213751_62f62cd25bf5df72.json,12c460c3f71a1a1e505894ec77d33ed9c9b289530e31965f69ffcde8c03cd114
M213751:1,2008-06,,72.428,Index,2008 Jun,72.428,569,raw/tabledata_M213751_62f62cd25bf5df72.json,12c460c3f71a1a1e505894ec77d33ed9c9b289530e31965f69ffcde8c03cd114
M213751:1,2008-07,,73.218,Index,2008 Jul,73.218,570,raw/tabledata_M213751_62f62cd25bf5df72.json,12c460c3f71a1a1e505894ec77d33ed9c9b289530e31965f69ffcde8c03cd114
M213751:1,2008-08,,73.497,Index,2008 Aug,73.497,571,raw/tabledata_M213751_62f62cd25bf5df72.json,12c460c3f71a1a1e505894ec77d33ed9c9b289530e31965f69ffcde8c03cd114
M213751:1,2008-09,,73.34,Index,2008 Sep,73.34,572,raw/tabledata_M213751_62f62cd25bf5df72.json,12c460c3f71a1a1e505894ec77d33ed9c9b289530e31965f69ffcde8c03cd114
M213751:1,2008-10,,74.15,Index,2008 Oct,74.15,573,raw/tabledata_M213751_62f62cd25bf5df72.json,12c460c3f71a1a1e505894ec77d33ed9c9b289530e31965f69ffcde8c03cd114
M213751:1,2008-11,,74.1,Index,2008 Nov,74.1,574,raw/tabledata_M213751_62f62cd25bf5df72.json,12c460c3f71a1a1e505894ec77d33ed9c9b289530e31965f69ffcde8c03cd114
M213751:1,2008-12,,73.459,Index,2008 Dec,73.459,575,raw/tabledata_M213751_62f62cd25bf5df72.json,12c460c3f71a1a1e505894ec77d33ed9c9b289530e31965f69ffcde8c03cd114
M213751:1,2009-01,,73.463,Index,2009 Jan,73.463,576,raw/tabledata_M213751_62f62cd25bf5df72.json,12c460c3f71a1a1e505894ec77d33ed9c9b289530e31965f69ffcde8c03cd114
M213751:1,2009-02,,73.229,Index,2009 Feb,73.229,577,raw/tabledata_M213751_62f62cd25bf5df72.json,12c460c3f71a1a1e505894ec77d33ed9c9b289530e31965f69ffcde8c03cd114
M213751:1,2009-03,,72.814,Index,2009 Mar,72.814,578,raw/tabledata_M213751_62f62cd25bf5df72.json,12c460c3f71a1a1e505894ec77d33ed9c9b289530e31965f69ffcde8c03cd114
M213751:1,2009-04,,72.344,Index,2009 Apr,72.344,579,raw/tabledata_M213751_62f62cd25bf5df72.json,12c460c3f71a1a1e505894ec77d33ed9c9b289530e31965f69ffcde8c03cd114
M213751:1,2009-05,,72.729,Index,2009 May,72.729,580,raw/tabledata_M213751_62f62cd25bf5df72.json,12c460c3f71a1a1e505894ec77d33ed9c9b289530e31965f69ffcde8c03cd114
M213751:1,2009-06,,72.41,Index,2009 Jun,72.41,581,raw/tabledata_M213751_62f62cd25bf5df72.json,12c460c3f71a1a1e505894ec77d33ed9c9b289530e31965f69ffcde8c03cd114
M213751:1,2009-07,,73.029,Index,2009 Jul,73.029,582,raw/tabledata_M213751_62f62cd25bf5df72.json,12c460c3f71a1a1e505894ec77d33ed9c9b289530e31965f69ffcde8c03cd114
M213751:1,2009-08,,73.29,Index,2009 Aug,73.29,583,raw/tabledata_M213751_62f62cd25bf5df72.json,12c460c3f71a1a1e505894ec77d33ed9c9b289530e31965f69ffcde8c03cd114
M213751:1,2009-09,,73.034,Index,2009 Sep,73.034,584,raw/tabledata_M213751_62f62cd25bf5df72.json,12c460c3f71a1a1e505894ec77d33ed9c9b289530e31965f69ffcde8c03cd114
M213751:1,2009-10,,73.473,Index,2009 Oct,73.473,585,raw/tabledata_M213751_62f62cd25bf5df72.json,12c460c3f71a1a1e505894ec77d33ed9c9b289530e31965f69ffcde8c03cd114
M213751:1,2009-11,,73.514,Index,2009 Nov,73.514,586,raw/tabledata_M213751_62f62cd25bf5df72.json,12c460c3f71a1a1e505894ec77d33ed9c9b289530e31965f69ffcde8c03cd114
M213751:1,2009-12,,73.071,Index,2009 Dec,73.071,587,raw/tabledata_M213751_62f62cd25bf5df72.json,12c460c3f71a1a1e505894ec77d33ed9c9b289530e31965f69ffcde8c03cd114
M213751:1,2010-01,,73.616,Index,2010 Jan,73.616,588,raw/tabledata_M213751_62f62cd25bf5df72.json,12c460c3f71a1a1e505894ec77d33ed9c9b289530e31965f69ffcde8c03cd114
M213751:1,2010-02,,73.93,Index,2010 Feb,73.93,589,raw/tabledata_M213751_62f62cd25bf5df72.json,12c460c3f71a1a1e505894ec77d33ed9c9b289530e31965f69ffcde8c03cd114
M213751:1,2010-03,,73.987,Index,2010 Mar,73.987,590,raw/tabledata_M213751_62f62cd25bf5df72.json,12c460c3f71a1a1e505894ec77d33ed9c9b289530e31965f69ffcde8c03cd114
M213751:1,2010-04,,74.664,Index,2010 Apr,74.664,591,raw/tabledata_M213751_62f62cd25bf5df72.json,12c460c3f71a1a1e505894ec77d33ed9c9b289530e31965f69ffcde8c03cd114
M213751:1,2010-05,,75.093,Index,2010 May,75.093,592,raw/tabledata_M213751_62f62cd25bf5df72.json,12c460c3f71a1a1e505894ec77d33ed9c9b289530e31965f69ffcde8c03cd114
M213751:1,2010-06,,74.377,Index,2010 Jun,74.377,593,raw/tabledata_M213751_62f62cd25bf5df72.json,12c460c3f71a1a1e505894ec77d33ed9c9b289530e31965f69ffcde8c03cd114
M213751:1,2010-07,,75.329,Index,2010 Jul,75.329,594,raw/tabledata_M213751_62f62cd25bf5df72.json,12c460c3f71a1a1e505894ec77d33ed9c9b289530e31965f69ffcde8c03cd114
M213751:1,2010-08,,75.677,Index,2010 Aug,75.677,595,raw/tabledata_M213751_62f62cd25bf5df72.json,12c460c3f71a1a1e505894ec77d33ed9c9b289530e31965f69ffcde8c03cd114
M213751:1,2010-09,,75.72,Index,2010 Sep,75.72,596,raw/tabledata_M213751_62f62cd25bf5df72.json,12c460c3f71a1a1e505894ec77d33ed9c9b289530e31965f69ffcde8c03cd114
M213751:1,2010-10,,76.06,Index,2010 Oct,76.06,597,raw/tabledata_M213751_62f62cd25bf5df72.json,12c460c3f71a1a1e505894ec77d33ed9c9b289530e31965f69ffcde8c03cd114
M213751:1,2010-11,,76.312,Index,2010 Nov,76.312,598,raw/tabledata_M213751_62f62cd25bf5df72.json,12c460c3f71a1a1e505894ec77d33ed9c9b289530e31965f69ffcde8c03cd114
M213751:1,2010-12,,76.427,Index,2010 Dec,76.427,599,raw/tabledata_M213751_62f62cd25bf5df72.json,12c460c3f71a1a1e505894ec77d33ed9c9b289530e31965f69ffcde8c03cd114
M213751:1,2011-01,,77.674,Index,2011 Jan,77.674,600,raw/tabledata_M213751_62f62cd25bf5df72.json,12c460c3f71a1a1e505894ec77d33ed9c9b289530e31965f69ffcde8c03cd114
M213751:1,2011-02,,77.618,Index,2011 Feb,77.618,601,raw/tabledata_M213751_62f62cd25bf5df72.json,12c460c3f71a1a1e505894ec77d33ed9c9b289530e31965f69ffcde8c03cd114
M213751:1,2011-03,,77.722,Index,2011 Mar,77.722,602,raw/tabledata_M213751_62f62cd25bf5df72.json,12c460c3f71a1a1e505894ec77d33ed9c9b289530e31965f69ffcde8c03cd114
M213751:1,2011-04,,77.992,Index,2011 Apr,77.992,603,raw/tabledata_M213751_62f62cd25bf5df72.json,12c460c3f71a1a1e505894ec77d33ed9c9b289530e31965f69ffcde8c03cd114
M213751:1,2011-05,,78.462,Index,2011 May,78.462,604,raw/tabledata_M213751_62f62cd25bf5df72.json,12c460c3f71a1a1e505894ec77d33ed9c9b289530e31965f69ffcde8c03cd114
M213751:1,2011-06,,78.277,Index,2011 Jun,78.277,605,raw/tabledata_M213751_62f62cd25bf5df72.json,12c460c3f71a1a1e505894ec77d33ed9c9b289530e31965f69ffcde8c03cd114
M213751:1,2011-07,,79.433,Index,2011 Jul,79.433,606,raw/tabledata_M213751_62f62cd25bf5df72.json,12c460c3f71a1a1e505894ec77d33ed9c9b289530e31965f69ffcde8c03cd114
M213751:1,2011-08,,80.005,Index,2011 Aug,80.005,607,raw/tabledata_M213751_62f62cd25bf5df72.json,12c460c3f71a1a1e505894ec77d33ed9c9b289530e31965f69ffcde8c03cd114
M213751:1,2011-09,,79.856,Index,2011 Sep,79.856,608,raw/tabledata_M213751_62f62cd25bf5df72.json,12c460c3f71a1a1e505894ec77d33ed9c9b289530e31965f69ffcde8c03cd114
M213751:1,2011-10,,80.183,Index,2011 Oct,80.183,609,raw/tabledata_M213751_62f62cd25bf5df72.json,12c460c3f71a1a1e505894ec77d33ed9c9b289530e31965f69ffcde8c03cd114
M213751:1,2011-11,,80.63,Index,2011 Nov,80.63,610,raw/tabledata_M213751_62f62cd25bf5df72.json,12c460c3f71a1a1e505894ec77d33ed9c9b289530e31965f69ffcde8c03cd114
M213751:1,2011-12,,80.663,Index,2011 Dec,80.663,611,raw/tabledata_M213751_62f62cd25bf5df72.json,12c460c3f71a1a1e505894ec77d33ed9c9b289530e31965f69ffcde8c03cd114
M213751:1,2012-01,,81.412,Index,2012 Jan,81.412,612,raw/tabledata_M213751_62f62cd25bf5df72.json,12c460c3f71a1a1e505894ec77d33ed9c9b289530e31965f69ffcde8c03cd114
M213751:1,2012-02,,81.19,Index,2012 Feb,81.19,613,raw/tabledata_M213751_62f62cd25bf5df72.json,12c460c3f71a1a1e505894ec77d33ed9c9b289530e31965f69ffcde8c03cd114
M213751:1,2012-03,,81.806,Index,2012 Mar,81.806,614,raw/tabledata_M213751_62f62cd25bf5df72.json,12c460c3f71a1a1e505894ec77d33ed9c9b289530e31965f69ffcde8c03cd114
M213751:1,2012-04,,82.245,Index,2012 Apr,82.245,615,raw/tabledata_M213751_62f62cd25bf5df72.json,12c460c3f71a1a1e505894ec77d33ed9c9b289530e31965f69ffcde8c03cd114
M213751:1,2012-05,,82.418,Index,2012 May,82.418,616,raw/tabledata_M213751_62f62cd25bf5df72.json,12c460c3f71a1a1e505894ec77d33ed9c9b289530e31965f69ffcde8c03cd114
M213751:1,2012-06,,82.423,Index,2012 Jun,82.423,617,raw/tabledata_M213751_62f62cd25bf5df72.json,12c460c3f71a1a1e505894ec77d33ed9c9b289530e31965f69ffcde8c03cd114
M213751:1,2012-07,,82.614,Index,2012 Jul,82.614,618,raw/tabledata_M213751_62f62cd25bf5df72.json,12c460c3f71a1a1e505894ec77d33ed9c9b289530e31965f69ffcde8c03cd114
M213751:1,2012-08,,83.128,Index,2012 Aug,83.128,619,raw/tabledata_M213751_62f62cd25bf5df72.json,12c460c3f71a1a1e505894ec77d33ed9c9b289530e31965f69ffcde8c03cd114
M213751:1,2012-09,,83.604,Index,2012 Sep,83.604,620,raw/tabledata_M213751_62f62cd25bf5df72.json,12c460c3f71a1a1e505894ec77d33ed9c9b289530e31965f69ffcde8c03cd114
M213751:1,2012-10,,83.434,Index,2012 Oct,83.434,621,raw/tabledata_M213751_62f62cd25bf5df72.json,12c460c3f71a1a1e505894ec77d33ed9c9b289530e31965f69ffcde8c03cd114
M213751:1,2012-11,,83.54,Index,2012 Nov,83.54,622,raw/tabledata_M213751_62f62cd25bf5df72.json,12c460c3f71a1a1e505894ec77d33ed9c9b289530e31965f69ffcde8c03cd114
M213751:1,2012-12,,84.151,Index,2012 Dec,84.151,623,raw/tabledata_M213751_62f62cd25bf5df72.json,12c460c3f71a1a1e505894ec77d33ed9c9b289530e31965f69ffcde8c03cd114
M213751:1,2013-01,,84.315,Index,2013 Jan,84.315,624,raw/tabledata_M213751_62f62cd25bf5df72.json,12c460c3f71a1a1e505894ec77d33ed9c9b289530e31965f69ffcde8c03cd114
M213751:1,2013-02,,85.162,Index,2013 Feb,85.162,625,raw/tabledata_M213751_62f62cd25bf5df72.json,12c460c3f71a1a1e505894ec77d33ed9c9b289530e31965f69ffcde8c03cd114
M213751:1,2013-03,,84.703,Index,2013 Mar,84.703,626,raw/tabledata_M213751_62f62cd25bf5df72.json,12c460c3f71a1a1e505894ec77d33ed9c9b289530e31965f69ffcde8c03cd114
M213751:1,2013-04,,83.448,Index,2013 Apr,83.448,627,raw/tabledata_M213751_62f62cd25bf5df72.json,12c460c3f71a1a1e505894ec77d33ed9c9b289530e31965f69ffcde8c03cd114
M213751:1,2013-05,,83.746,Index,2013 May,83.746,628,raw/tabledata_M213751_62f62cd25bf5df72.json,12c460c3f71a1a1e505894ec77d33ed9c9b289530e31965f69ffcde8c03cd114
M213751:1,2013-06,,83.917,Index,2013 Jun,83.917,629,raw/tabledata_M213751_62f62cd25bf5df72.json,12c460c3f71a1a1e505894ec77d33ed9c9b289530e31965f69ffcde8c03cd114
M213751:1,2013-07,,84.151,Index,2013 Jul,84.151,630,raw/tabledata_M213751_62f62cd25bf5df72.json,12c460c3f71a1a1e505894ec77d33ed9c9b289530e31965f69ffcde8c03cd114
M213751:1,2013-08,,84.829,Index,2013 Aug,84.829,631,raw/tabledata_M213751_62f62cd25bf5df72.json,12c460c3f71a1a1e505894ec77d33ed9c9b289530e31965f69ffcde8c03cd114
M213751:1,2013-09,,84.954,Index,2013 Sep,84.954,632,raw/tabledata_M213751_62f62cd25bf5df72.json,12c460c3f71a1a1e505894ec77d33ed9c9b289530e31965f69ffcde8c03cd114
M213751:1,2013-10,,85.088,Index,2013 Oct,85.088,633,raw/tabledata_M213751_62f62cd25bf5df72.json,12c460c3f71a1a1e505894ec77d33ed9c9b289530e31965f69ffcde8c03cd114
M213751:1,2013-11,,85.689,Index,2013 Nov,85.689,634,raw/tabledata_M213751_62f62cd25bf5df72.json,12c460c3f71a1a1e505894ec77d33ed9c9b289530e31965f69ffcde8c03cd114
M213751:1,2013-12,,85.417,Index,2013 Dec,85.417,635,raw/tabledata_M213751_62f62cd25bf5df72.json,12c460c3f71a1a1e505894ec77d33ed9c9b289530e31965f69ffcde8c03cd114
M213751:1,2014-01,,85.511,Index,2014 Jan,85.511,636,raw/tabledata_M213751_62f62cd25bf5df72.json,12c460c3f71a1a1e505894ec77d33ed9c9b289530e31965f69ffcde8c03cd114
M213751:1,2014-02,,85.491,Index,2014 Feb,85.491,637,raw/tabledata_M213751_62f62cd25bf5df72.json,12c460c3f71a1a1e505894ec77d33ed9c9b289530e31965f69ffcde8c03cd114
M213751:1,2014-03,,85.719,Index,2014 Mar,85.719,638,raw/tabledata_M213751_62f62cd25bf5df72.json,12c460c3f71a1a1e505894ec77d33ed9c9b289530e31965f69ffcde8c03cd114
M213751:1,2014-04,,85.369,Index,2014 Apr,85.369,639,raw/tabledata_M213751_62f62cd25bf5df72.json,12c460c3f71a1a1e505894ec77d33ed9c9b289530e31965f69ffcde8c03cd114
M213751:1,2014-05,,85.656,Index,2014 May,85.656,640,raw/tabledata_M213751_62f62cd25bf5df72.json,12c460c3f71a1a1e505894ec77d33ed9c9b289530e31965f69ffcde8c03cd114
M213751:1,2014-06,,85.513,Index,2014 Jun,85.513,641,raw/tabledata_M213751_62f62cd25bf5df72.json,12c460c3f71a1a1e505894ec77d33ed9c9b289530e31965f69ffcde8c03cd114
M213751:1,2014-07,,85.258,Index,2014 Jul,85.258,642,raw/tabledata_M213751_62f62cd25bf5df72.json,12c460c3f71a1a1e505894ec77d33ed9c9b289530e31965f69ffcde8c03cd114
M213751:1,2014-08,,85.714,Index,2014 Aug,85.714,643,raw/tabledata_M213751_62f62cd25bf5df72.json,12c460c3f71a1a1e505894ec77d33ed9c9b289530e31965f69ffcde8c03cd114
M213751:1,2014-09,,85.556,Index,2014 Sep,85.556,644,raw/tabledata_M213751_62f62cd25bf5df72.json,12c460c3f71a1a1e505894ec77d33ed9c9b289530e31965f69ffcde8c03cd114
M213751:1,2014-10,,85.3,Index,2014 Oct,85.3,645,raw/tabledata_M213751_62f62cd25bf5df72.json,12c460c3f71a1a1e505894ec77d33ed9c9b289530e31965f69ffcde8c03cd114
M213751:1,2014-11,,85.46,Index,2014 Nov,85.46,646,raw/tabledata_M213751_62f62cd25bf5df72.json,12c460c3f71a1a1e505894ec77d33ed9c9b289530e31965f69ffcde8c03cd114
M213751:1,2014-12,,85.363,Index,2014 Dec,85.363,647,raw/tabledata_M213751_62f62cd25bf5df72.json,12c460c3f71a1a1e505894ec77d33ed9c9b289530e31965f69ffcde8c03cd114
M213751:1,2015-01,,85.179,Index,2015 Jan,85.179,648,raw/tabledata_M213751_62f62cd25bf5df72.json,12c460c3f71a1a1e505894ec77d33ed9c9b289530e31965f69ffcde8c03cd114
M213751:1,2015-02,,85.257,Index,2015 Feb,85.257,649,raw/tabledata_M213751_62f62cd25bf5df72.json,12c460c3f71a1a1e505894ec77d33ed9c9b289530e31965f69ffcde8c03cd114
M213751:1,2015-03,,85.463,Index,2015 Mar,85.463,650,raw/tabledata_M213751_62f62cd25bf5df72.json,12c460c3f71a1a1e505894ec77d33ed9c9b289530e31965f69ffcde8c03cd114
M213751:1,2015-04,,84.93,Index,2015 Apr,84.93,651,raw/tabledata_M213751_62f62cd25bf5df72.json,12c460c3f71a1a1e505894ec77d33ed9c9b289530e31965f69ffcde8c03cd114
M213751:1,2015-05,,85.317,Index,2015 May,85.317,652,raw/tabledata_M213751_62f62cd25bf5df72.json,12c460c3f71a1a1e505894ec77d33ed9c9b289530e31965f69ffcde8c03cd114
M213751:1,2015-06,,85.225,Index,2015 Jun,85.225,653,raw/tabledata_M213751_62f62cd25bf5df72.json,12c460c3f71a1a1e505894ec77d33ed9c9b289530e31965f69ffcde8c03cd114
M213751:1,2015-07,,84.921,Index,2015 Jul,84.921,654,raw/tabledata_M213751_62f62cd25bf5df72.json,12c460c3f71a1a1e505894ec77d33ed9c9b289530e31965f69ffcde8c03cd114
M213751:1,2015-08,,85.002,Index,2015 Aug,85.002,655,raw/tabledata_M213751_62f62cd25bf5df72.json,12c460c3f71a1a1e505894ec77d33ed9c9b289530e31965f69ffcde8c03cd114
M213751:1,2015-09,,85.003,Index,2015 Sep,85.003,656,raw/tabledata_M213751_62f62cd25bf5df72.json,12c460c3f71a1a1e505894ec77d33ed9c9b289530e31965f69ffcde8c03cd114
M213751:1,2015-10,,84.637,Index,2015 Oct,84.637,657,raw/tabledata_M213751_62f62cd25bf5df72.json,12c460c3f71a1a1e505894ec77d33ed9c9b289530e31965f69ffcde8c03cd114
M213751:1,2015-11,,84.807,Index,2015 Nov,84.807,658,raw/tabledata_M213751_62f62cd25bf5df72.json,12c460c3f71a1a1e505894ec77d33ed9c9b289530e31965f69ffcde8c03cd114
M213751:1,2015-12,,84.814,Index,2015 Dec,84.814,659,raw/tabledata_M213751_62f62cd25bf5df72.json,12c460c3f71a1a1e505894ec77d33ed9c9b289530e31965f69ffcde8c03cd114
M213751:1,2016-01,,84.628,Index,2016 Jan,84.628,660,raw/tabledata_M213751_62f62cd25bf5df72.json,12c460c3f71a1a1e505894ec77d33ed9c9b289530e31965f69ffcde8c03cd114
M213751:1,2016-02,,84.542,Index,2016 Feb,84.542,661,raw/tabledata_M213751_62f62cd25bf5df72.json,12c460c3f71a1a1e505894ec77d33ed9c9b289530e31965f69ffcde8c03cd114
M213751:1,2016-03,,84.577,Index,2016 Mar,84.577,662,raw/tabledata_M213751_62f62cd25bf5df72.json,12c460c3f71a1a1e505894ec77d33ed9c9b289530e31965f69ffcde8c03cd114
M213751:1,2016-04,,84.534,Index,2016 Apr,84.534,663,raw/tabledata_M213751_62f62cd25bf5df72.json,12c460c3f71a1a1e505894ec77d33ed9c9b289530e31965f69ffcde8c03cd114
M213751:1,2016-05,,83.983,Index,2016 May,83.983,664,raw/tabledata_M213751_62f62cd25bf5df72.json,12c460c3f71a1a1e505894ec77d33ed9c9b289530e31965f69ffcde8c03cd114
M213751:1,2016-06,,84.607,Index,2016 Jun,84.607,665,raw/tabledata_M213751_62f62cd25bf5df72.json,12c460c3f71a1a1e505894ec77d33ed9c9b289530e31965f69ffcde8c03cd114
M213751:1,2016-07,,84.37,Index,2016 Jul,84.37,666,raw/tabledata_M213751_62f62cd25bf5df72.json,12c460c3f71a1a1e505894ec77d33ed9c9b289530e31965f69ffcde8c03cd114
M213751:1,2016-08,,84.786,Index,2016 Aug,84.786,667,raw/tabledata_M213751_62f62cd25bf5df72.json,12c460c3f71a1a1e505894ec77d33ed9c9b289530e31965f69ffcde8c03cd114
M213751:1,2016-09,,84.794,Index,2016 Sep,84.794,668,raw/tabledata_M213751_62f62cd25bf5df72.json,12c460c3f71a1a1e505894ec77d33ed9c9b289530e31965f69ffcde8c03cd114
M213751:1,2016-10,,84.551,Index,2016 Oct,84.551,669,raw/tabledata_M213751_62f62cd25bf5df72.json,12c460c3f71a1a1e505894ec77d33ed9c9b289530e31965f69ffcde8c03cd114
M213751:1,2016-11,,84.822,Index,2016 Nov,84.822,670,raw/tabledata_M213751_62f62cd25bf5df72.json,12c460c3f71a1a1e505894ec77d33ed9c9b289530e31965f69ffcde8c03cd114
M213751:1,2016-12,,84.954,Index,2016 Dec,84.954,671,raw/tabledata_M213751_62f62cd25bf5df72.json,12c460c3f71a1a1e505894ec77d33ed9c9b289530e31965f69ffcde8c03cd114
M213751:1,2017-01,,85.102,Index,2017 Jan,85.102,672,raw/tabledata_M213751_62f62cd25bf5df72.json,12c460c3f71a1a1e505894ec77d33ed9c9b289530e31965f69ffcde8c03cd114
M213751:1,2017-02,,85.1,Index,2017 Feb,85.1,673,raw/tabledata_M213751_62f62cd25bf5df72.json,12c460c3f71a1a1e505894ec77d33ed9c9b289530e31965f69ffcde8c03cd114
M213751:1,2017-03,,85.136,Index,2017 Mar,85.136,674,raw/tabledata_M213751_62f62cd25bf5df72.json,12c460c3f71a1a1e505894ec77d33ed9c9b289530e31965f69ffcde8c03cd114
M213751:1,2017-04,,84.877,Index,2017 Apr,84.877,675,raw/tabledata_M213751_62f62cd25bf5df72.json,12c460c3f71a1a1e505894ec77d33ed9c9b289530e31965f69ffcde8c03cd114
M213751:1,2017-05,,85.164,Index,2017 May,85.164,676,raw/tabledata_M213751_62f62cd25bf5df72.json,12c460c3f71a1a1e505894ec77d33ed9c9b289530e31965f69ffcde8c03cd114
M213751:1,2017-06,,85.043,Index,2017 Jun,85.043,677,raw/tabledata_M213751_62f62cd25bf5df72.json,12c460c3f71a1a1e505894ec77d33ed9c9b289530e31965f69ffcde8c03cd114
M213751:1,2017-07,,84.845,Index,2017 Jul,84.845,678,raw/tabledata_M213751_62f62cd25bf5df72.json,12c460c3f71a1a1e505894ec77d33ed9c9b289530e31965f69ffcde8c03cd114
M213751:1,2017-08,,85.129,Index,2017 Aug,85.129,679,raw/tabledata_M213751_62f62cd25bf5df72.json,12c460c3f71a1a1e505894ec77d33ed9c9b289530e31965f69ffcde8c03cd114
M213751:1,2017-09,,85.11,Index,2017 Sep,85.11,680,raw/tabledata_M213751_62f62cd25bf5df72.json,12c460c3f71a1a1e505894ec77d33ed9c9b289530e31965f69ffcde8c03cd114
M213751:1,2017-10,,84.865,Index,2017 Oct,84.865,681,raw/tabledata_M213751_62f62cd25bf5df72.json,12c460c3f71a1a1e505894ec77d33ed9c9b289530e31965f69ffcde8c03cd114
M213751:1,2017-11,,85.358,Index,2017 Nov,85.358,682,raw/tabledata_M213751_62f62cd25bf5df72.json,12c460c3f71a1a1e505894ec77d33ed9c9b289530e31965f69ffcde8c03cd114
M213751:1,2017-12,,85.274,Index,2017 Dec,85.274,683,raw/tabledata_M213751_62f62cd25bf5df72.json,12c460c3f71a1a1e505894ec77d33ed9c9b289530e31965f69ffcde8c03cd114
M213751:1,2018-01,,85.11,Index,2018 Jan,85.11,684,raw/tabledata_M213751_62f62cd25bf5df72.json,12c460c3f71a1a1e505894ec77d33ed9c9b289530e31965f69ffcde8c03cd114
M213751:1,2018-02,,85.51,Index,2018 Feb,85.51,685,raw/tabledata_M213751_62f62cd25bf5df72.json,12c460c3f71a1a1e505894ec77d33ed9c9b289530e31965f69ffcde8c03cd114
M213751:1,2018-03,,85.337,Index,2018 Mar,85.337,686,raw/tabledata_M213751_62f62cd25bf5df72.json,12c460c3f71a1a1e505894ec77d33ed9c9b289530e31965f69ffcde8c03cd114
M213751:1,2018-04,,84.937,Index,2018 Apr,84.937,687,raw/tabledata_M213751_62f62cd25bf5df72.json,12c460c3f71a1a1e505894ec77d33ed9c9b289530e31965f69ffcde8c03cd114
M213751:1,2018-05,,85.466,Index,2018 May,85.466,688,raw/tabledata_M213751_62f62cd25bf5df72.json,12c460c3f71a1a1e505894ec77d33ed9c9b289530e31965f69ffcde8c03cd114
M213751:1,2018-06,,85.514,Index,2018 Jun,85.514,689,raw/tabledata_M213751_62f62cd25bf5df72.json,12c460c3f71a1a1e505894ec77d33ed9c9b289530e31965f69ffcde8c03cd114
M213751:1,2018-07,,85.39,Index,2018 Jul,85.39,690,raw/tabledata_M213751_62f62cd25bf5df72.json,12c460c3f71a1a1e505894ec77d33ed9c9b289530e31965f69ffcde8c03cd114
M213751:1,2018-08,,85.749,Index,2018 Aug,85.749,691,raw/tabledata_M213751_62f62cd25bf5df72.json,12c460c3f71a1a1e505894ec77d33ed9c9b289530e31965f69ffcde8c03cd114
M213751:1,2018-09,,85.729,Index,2018 Sep,85.729,692,raw/tabledata_M213751_62f62cd25bf5df72.json,12c460c3f71a1a1e505894ec77d33ed9c9b289530e31965f69ffcde8c03cd114
M213751:1,2018-10,,85.465,Index,2018 Oct,85.465,693,raw/tabledata_M213751_62f62cd25bf5df72.json,12c460c3f71a1a1e505894ec77d33ed9c9b289530e31965f69ffcde8c03cd114
M213751:1,2018-11,,85.606,Index,2018 Nov,85.606,694,raw/tabledata_M213751_62f62cd25bf5df72.json,12c460c3f71a1a1e505894ec77d33ed9c9b289530e31965f69ffcde8c03cd114
M213751:1,2018-12,,85.67,Index,2018 Dec,85.67,695,raw/tabledata_M213751_62f62cd25bf5df72.json,12c460c3f71a1a1e505894ec77d33ed9c9b289530e31965f69ffcde8c03cd114
M213751:1,2019-01,,85.416,Index,2019 Jan,85.416,696,raw/tabledata_M213751_62f62cd25bf5df72.json,12c460c3f71a1a1e505894ec77d33ed9c9b289530e31965f69ffcde8c03cd114
M213751:1,2019-02,,85.901,Index,2019 Feb,85.901,697,raw/tabledata_M213751_62f62cd25bf5df72.json,12c460c3f71a1a1e505894ec77d33ed9c9b289530e31965f69ffcde8c03cd114
M213751:1,2019-03,,85.917,Index,2019 Mar,85.917,698,raw/tabledata_M213751_62f62cd25bf5df72.json,12c460c3f71a1a1e505894ec77d33ed9c9b289530e31965f69ffcde8c03cd114
M213751:1,2019-04,,85.73,Index,2019 Apr,85.73,699,raw/tabledata_M213751_62f62cd25bf5df72.json,12c460c3f71a1a1e505894ec77d33ed9c9b289530e31965f69ffcde8c03cd114
M213751:1,2019-05,,86.221,Index,2019 May,86.221,700,raw/tabledata_M213751_62f62cd25bf5df72.json,12c460c3f71a1a1e505894ec77d33ed9c9b289530e31965f69ffcde8c03cd114
M213751:1,2019-06,,85.974,Index,2019 Jun,85.974,701,raw/tabledata_M213751_62f62cd25bf5df72.json,12c460c3f71a1a1e505894ec77d33ed9c9b289530e31965f69ffcde8c03cd114
M213751:1,2019-07,,85.587,Index,2019 Jul,85.587,702,raw/tabledata_M213751_62f62cd25bf5df72.json,12c460c3f71a1a1e505894ec77d33ed9c9b289530e31965f69ffcde8c03cd114
M213751:1,2019-08,,86.123,Index,2019 Aug,86.123,703,raw/tabledata_M213751_62f62cd25bf5df72.json,12c460c3f71a1a1e505894ec77d33ed9c9b289530e31965f69ffcde8c03cd114
M213751:1,2019-09,,86.069,Index,2019 Sep,86.069,704,raw/tabledata_M213751_62f62cd25bf5df72.json,12c460c3f71a1a1e505894ec77d33ed9c9b289530e31965f69ffcde8c03cd114
M213751:1,2019-10,,85.883,Index,2019 Oct,85.883,705,raw/tabledata_M213751_62f62cd25bf5df72.json,12c460c3f71a1a1e505894ec77d33ed9c9b289530e31965f69ffcde8c03cd114
M213751:1,2019-11,,86.16,Index,2019 Nov,86.16,706,raw/tabledata_M213751_62f62cd25bf5df72.json,12c460c3f71a1a1e505894ec77d33ed9c9b289530e31965f69ffcde8c03cd114
M213751:1,2019-12,,86.325,Index,2019 Dec,86.325,707,raw/tabledata_M213751_62f62cd25bf5df72.json,12c460c3f71a1a1e505894ec77d33ed9c9b289530e31965f69ffcde8c03cd114
M213751:1,2020-01,,86.121,Index,2020 Jan,86.121,708,raw/tabledata_M213751_62f62cd25bf5df72.json,12c460c3f71a1a1e505894ec77d33ed9c9b289530e31965f69ffcde8c03cd114
M213751:1,2020-02,,86.183,Index,2020 Feb,86.183,709,raw/tabledata_M213751_62f62cd25bf5df72.json,12c460c3f71a1a1e505894ec77d33ed9c9b289530e31965f69ffcde8c03cd114
M213751:1,2020-03,,85.888,Index,2020 Mar,85.888,710,raw/tabledata_M213751_62f62cd25bf5df72.json,12c460c3f71a1a1e505894ec77d33ed9c9b289530e31965f69ffcde8c03cd114
M213751:1,2020-04,,85.098,Index,2020 Apr,85.098,711,raw/tabledata_M213751_62f62cd25bf5df72.json,12c460c3f71a1a1e505894ec77d33ed9c9b289530e31965f69ffcde8c03cd114
M213751:1,2020-05,,85.502,Index,2020 May,85.502,712,raw/tabledata_M213751_62f62cd25bf5df72.json,12c460c3f71a1a1e505894ec77d33ed9c9b289530e31965f69ffcde8c03cd114
M213751:1,2020-06,,85.52,Index,2020 Jun,85.52,713,raw/tabledata_M213751_62f62cd25bf5df72.json,12c460c3f71a1a1e505894ec77d33ed9c9b289530e31965f69ffcde8c03cd114
M213751:1,2020-07,,85.245,Index,2020 Jul,85.245,714,raw/tabledata_M213751_62f62cd25bf5df72.json,12c460c3f71a1a1e505894ec77d33ed9c9b289530e31965f69ffcde8c03cd114
M213751:1,2020-08,,85.787,Index,2020 Aug,85.787,715,raw/tabledata_M213751_62f62cd25bf5df72.json,12c460c3f71a1a1e505894ec77d33ed9c9b289530e31965f69ffcde8c03cd114
M213751:1,2020-09,,86.073,Index,2020 Sep,86.073,716,raw/tabledata_M213751_62f62cd25bf5df72.json,12c460c3f71a1a1e505894ec77d33ed9c9b289530e31965f69ffcde8c03cd114
M213751:1,2020-10,,85.709,Index,2020 Oct,85.709,717,raw/tabledata_M213751_62f62cd25bf5df72.json,12c460c3f71a1a1e505894ec77d33ed9c9b289530e31965f69ffcde8c03cd114
M213751:1,2020-11,,86.047,Index,2020 Nov,86.047,718,raw/tabledata_M213751_62f62cd25bf5df72.json,12c460c3f71a1a1e505894ec77d33ed9c9b289530e31965f69ffcde8c03cd114
M213751:1,2020-12,,86.358,Index,2020 Dec,86.358,719,raw/tabledata_M213751_62f62cd25bf5df72.json,12c460c3f71a1a1e505894ec77d33ed9c9b289530e31965f69ffcde8c03cd114
M213751:1,2021-01,,86.334,Index,2021 Jan,86.334,720,raw/tabledata_M213751_62f62cd25bf5df72.json,12c460c3f71a1a1e505894ec77d33ed9c9b289530e31965f69ffcde8c03cd114
M213751:1,2021-02,,86.827,Index,2021 Feb,86.827,721,raw/tabledata_M213751_62f62cd25bf5df72.json,12c460c3f71a1a1e505894ec77d33ed9c9b289530e31965f69ffcde8c03cd114
M213751:1,2021-03,,87.019,Index,2021 Mar,87.019,722,raw/tabledata_M213751_62f62cd25bf5df72.json,12c460c3f71a1a1e505894ec77d33ed9c9b289530e31965f69ffcde8c03cd114
M213751:1,2021-04,,86.875,Index,2021 Apr,86.875,723,raw/tabledata_M213751_62f62cd25bf5df72.json,12c460c3f71a1a1e505894ec77d33ed9c9b289530e31965f69ffcde8c03cd114
M213751:1,2021-05,,87.574,Index,2021 May,87.574,724,raw/tabledata_M213751_62f62cd25bf5df72.json,12c460c3f71a1a1e505894ec77d33ed9c9b289530e31965f69ffcde8c03cd114
M213751:1,2021-06,,87.569,Index,2021 Jun,87.569,725,raw/tabledata_M213751_62f62cd25bf5df72.json,12c460c3f71a1a1e505894ec77d33ed9c9b289530e31965f69ffcde8c03cd114
M213751:1,2021-07,,87.398,Index,2021 Jul,87.398,726,raw/tabledata_M213751_62f62cd25bf5df72.json,12c460c3f71a1a1e505894ec77d33ed9c9b289530e31965f69ffcde8c03cd114
M213751:1,2021-08,,87.882,Index,2021 Aug,87.882,727,raw/tabledata_M213751_62f62cd25bf5df72.json,12c460c3f71a1a1e505894ec77d33ed9c9b289530e31965f69ffcde8c03cd114
M213751:1,2021-09,,88.248,Index,2021 Sep,88.248,728,raw/tabledata_M213751_62f62cd25bf5df72.json,12c460c3f71a1a1e505894ec77d33ed9c9b289530e31965f69ffcde8c03cd114
M213751:1,2021-10,,88.5,Index,2021 Oct,88.5,729,raw/tabledata_M213751_62f62cd25bf5df72.json,12c460c3f71a1a1e505894ec77d33ed9c9b289530e31965f69ffcde8c03cd114
M213751:1,2021-11,,89.369,Index,2021 Nov,89.369,730,raw/tabledata_M213751_62f62cd25bf5df72.json,12c460c3f71a1a1e505894ec77d33ed9c9b289530e31965f69ffcde8c03cd114
M213751:1,2021-12,,89.781,Index,2021 Dec,89.781,731,raw/tabledata_M213751_62f62cd25bf5df72.json,12c460c3f71a1a1e505894ec77d33ed9c9b289530e31965f69ffcde8c03cd114
M213751:1,2022-01,,89.81,Index,2022 Jan,89.81,732,raw/tabledata_M213751_62f62cd25bf5df72.json,12c460c3f71a1a1e505894ec77d33ed9c9b289530e31965f69ffcde8c03cd114
M213751:1,2022-02,,90.59,Index,2022 Feb,90.59,733,raw/tabledata_M213751_62f62cd25bf5df72.json,12c460c3f71a1a1e505894ec77d33ed9c9b289530e31965f69ffcde8c03cd114
M213751:1,2022-03,,91.715,Index,2022 Mar,91.715,734,raw/tabledata_M213751_62f62cd25bf5df72.json,12c460c3f71a1a1e505894ec77d33ed9c9b289530e31965f69ffcde8c03cd114
M213751:1,2022-04,,91.594,Index,2022 Apr,91.594,735,raw/tabledata_M213751_62f62cd25bf5df72.json,12c460c3f71a1a1e505894ec77d33ed9c9b289530e31965f69ffcde8c03cd114
M213751:1,2022-05,,92.502,Index,2022 May,92.502,736,raw/tabledata_M213751_62f62cd25bf5df72.json,12c460c3f71a1a1e505894ec77d33ed9c9b289530e31965f69ffcde8c03cd114
M213751:1,2022-06,,93.423,Index,2022 Jun,93.423,737,raw/tabledata_M213751_62f62cd25bf5df72.json,12c460c3f71a1a1e505894ec77d33ed9c9b289530e31965f69ffcde8c03cd114
M213751:1,2022-07,,93.563,Index,2022 Jul,93.563,738,raw/tabledata_M213751_62f62cd25bf5df72.json,12c460c3f71a1a1e505894ec77d33ed9c9b289530e31965f69ffcde8c03cd114
M213751:1,2022-08,,94.445,Index,2022 Aug,94.445,739,raw/tabledata_M213751_62f62cd25bf5df72.json,12c460c3f71a1a1e505894ec77d33ed9c9b289530e31965f69ffcde8c03cd114
M213751:1,2022-09,,94.854,Index,2022 Sep,94.854,740,raw/tabledata_M213751_62f62cd25bf5df72.json,12c460c3f71a1a1e505894ec77d33ed9c9b289530e31965f69ffcde8c03cd114
M213751:1,2022-10,,94.475,Index,2022 Oct,94.475,741,raw/tabledata_M213751_62f62cd25bf5df72.json,12c460c3f71a1a1e505894ec77d33ed9c9b289530e31965f69ffcde8c03cd114
M213751:1,2022-11,,95.396,Index,2022 Nov,95.396,742,raw/tabledata_M213751_62f62cd25bf5df72.json,12c460c3f71a1a1e505894ec77d33ed9c9b289530e31965f69ffcde8c03cd114
M213751:1,2022-12,,95.591,Index,2022 Dec,95.591,743,raw/tabledata_M213751_62f62cd25bf5df72.json,12c460c3f71a1a1e505894ec77d33ed9c9b289530e31965f69ffcde8c03cd114
M213751:1,2023-01,,95.772,Index,2023 Jan,95.772,744,raw/tabledata_M213751_62f62cd25bf5df72.json,12c460c3f71a1a1e505894ec77d33ed9c9b289530e31965f69ffcde8c03cd114
M213751:1,2023-02,,96.308,Index,2023 Feb,96.308,745,raw/tabledata_M213751_62f62cd25bf5df72.json,12c460c3f71a1a1e505894ec77d33ed9c9b289530e31965f69ffcde8c03cd114
M213751:1,2023-03,,96.792,Index,2023 Mar,96.792,746,raw/tabledata_M213751_62f62cd25bf5df72.json,12c460c3f71a1a1e505894ec77d33ed9c9b289530e31965f69ffcde8c03cd114
M213751:1,2023-04,,96.869,Index,2023 Apr,96.869,747,raw/tabledata_M213751_62f62cd25bf5df72.json,12c460c3f71a1a1e505894ec77d33ed9c9b289530e31965f69ffcde8c03cd114
M213751:1,2023-05,,97.181,Index,2023 May,97.181,748,raw/tabledata_M213751_62f62cd25bf5df72.json,12c460c3f71a1a1e505894ec77d33ed9c9b289530e31965f69ffcde8c03cd114
M213751:1,2023-06,,97.645,Index,2023 Jun,97.645,749,raw/tabledata_M213751_62f62cd25bf5df72.json,12c460c3f71a1a1e505894ec77d33ed9c9b289530e31965f69ffcde8c03cd114
M213751:1,2023-07,,97.417,Index,2023 Jul,97.417,750,raw/tabledata_M213751_62f62cd25bf5df72.json,12c460c3f71a1a1e505894ec77d33ed9c9b289530e31965f69ffcde8c03cd114
M213751:1,2023-08,,98.278,Index,2023 Aug,98.278,751,raw/tabledata_M213751_62f62cd25bf5df72.json,12c460c3f71a1a1e505894ec77d33ed9c9b289530e31965f69ffcde8c03cd114
M213751:1,2023-09,,98.776,Index,2023 Sep,98.776,752,raw/tabledata_M213751_62f62cd25bf5df72.json,12c460c3f71a1a1e505894ec77d33ed9c9b289530e31965f69ffcde8c03cd114
M213751:1,2023-10,,98.974,Index,2023 Oct,98.974,753,raw/tabledata_M213751_62f62cd25bf5df72.json,12c460c3f71a1a1e505894ec77d33ed9c9b289530e31965f69ffcde8c03cd114
M213751:1,2023-11,,98.808,Index,2023 Nov,98.808,754,raw/tabledata_M213751_62f62cd25bf5df72.json,12c460c3f71a1a1e505894ec77d33ed9c9b289530e31965f69ffcde8c03cd114
M213751:1,2023-12,,99.177,Index,2023 Dec,99.177,755,raw/tabledata_M213751_62f62cd25bf5df72.json,12c460c3f71a1a1e505894ec77d33ed9c9b289530e31965f69ffcde8c03cd114
M213751:1,2024-01,,98.752,Index,2024 Jan,98.752,756,raw/tabledata_M213751_62f62cd25bf5df72.json,12c460c3f71a1a1e505894ec77d33ed9c9b289530e31965f69ffcde8c03cd114
M213751:1,2024-02,,99.755,Index,2024 Feb,99.755,757,raw/tabledata_M213751_62f62cd25bf5df72.json,12c460c3f71a1a1e505894ec77d33ed9c9b289530e31965f69ffcde8c03cd114
M213751:1,2024-03,,99.712,Index,2024 Mar,99.712,758,raw/tabledata_M213751_62f62cd25bf5df72.json,12c460c3f71a1a1e505894ec77d33ed9c9b289530e31965f69ffcde8c03cd114
M213751:1,2024-04,,99.426,Index,2024 Apr,99.426,759,raw/tabledata_M213751_62f62cd25bf5df72.json,12c460c3f71a1a1e505894ec77d33ed9c9b289530e31965f69ffcde8c03cd114
M213751:1,2024-05,,100.209,Index,2024 May,100.209,760,raw/tabledata_M213751_62f62cd25bf5df72.json,12c460c3f71a1a1e505894ec77d33ed9c9b289530e31965f69ffcde8c03cd114
M213751:1,2024-06,,100.104,Index,2024 Jun,100.104,761,raw/tabledata_M213751_62f62cd25bf5df72.json,12c460c3f71a1a1e505894ec77d33ed9c9b289530e31965f69ffcde8c03cd114
M213751:1,2024-07,,99.818,Index,2024 Jul,99.818,762,raw/tabledata_M213751_62f62cd25bf5df72.json,12c460c3f71a1a1e505894ec77d33ed9c9b289530e31965f69ffcde8c03cd114
M213751:1,2024-08,,100.414,Index,2024 Aug,100.414,763,raw/tabledata_M213751_62f62cd25bf5df72.json,12c460c3f71a1a1e505894ec77d33ed9c9b289530e31965f69ffcde8c03cd114
M213751:1,2024-09,,100.645,Index,2024 Sep,100.645,764,raw/tabledata_M213751_62f62cd25bf5df72.json,12c460c3f71a1a1e505894ec77d33ed9c9b289530e31965f69ffcde8c03cd114
M213751:1,2024-10,,100.119,Index,2024 Oct,100.119,765,raw/tabledata_M213751_62f62cd25bf5df72.json,12c460c3f71a1a1e505894ec77d33ed9c9b289530e31965f69ffcde8c03cd114
M213751:1,2024-11,,100.387,Index,2024 Nov,100.387,766,raw/tabledata_M213751_62f62cd25bf5df72.json,12c460c3f71a1a1e505894ec77d33ed9c9b289530e31965f69ffcde8c03cd114
M213751:1,2024-12,,100.661,Index,2024 Dec,100.661,767,raw/tabledata_M213751_62f62cd25bf5df72.json,12c460c3f71a1a1e505894ec77d33ed9c9b289530e31965f69ffcde8c03cd114
M213751:1,2025-01,,99.908,Index,2025 Jan,99.908,768,raw/tabledata_M213751_62f62cd25bf5df72.json,12c460c3f71a1a1e505894ec77d33ed9c9b289530e31965f69ffcde8c03cd114
M213751:1,2025-02,,100.677,Index,2025 Feb,100.677,769,raw/tabledata_M213751_62f62cd25bf5df72.json,12c460c3f71a1a1e505894ec77d33ed9c9b289530e31965f69ffcde8c03cd114
M213751:1,2025-03,,100.599,Index,2025 Mar,100.599,770,raw/tabledata_M213751_62f62cd25bf5df72.json,12c460c3f71a1a1e505894ec77d33ed9c9b289530e31965f69ffcde8c03cd114
M213751:1,2025-04,,100.283,Index,2025 Apr,100.283,771,raw/tabledata_M213751_62f62cd25bf5df72.json,12c460c3f71a1a1e505894ec77d33ed9c9b289530e31965f69ffcde8c03cd114
M213751:1,2025-05,,100.978,Index,2025 May,100.978,772,raw/tabledata_M213751_62f62cd25bf5df72.json,12c460c3f71a1a1e505894ec77d33ed9c9b289530e31965f69ffcde8c03cd114
M213751:1,2025-06,,100.9,Index,2025 Jun,100.9,773,raw/tabledata_M213751_62f62cd25bf5df72.json,12c460c3f71a1a1e505894ec77d33ed9c9b289530e31965f69ffcde8c03cd114
M213751:1,2025-07,,100.447,Index,2025 Jul,100.447,774,raw/tabledata_M213751_62f62cd25bf5df72.json,12c460c3f71a1a1e505894ec77d33ed9c9b289530e31965f69ffcde8c03cd114
M213751:1,2025-08,,100.963,Index,2025 Aug,100.963,775,raw/tabledata_M213751_62f62cd25bf5df72.json,12c460c3f71a1a1e505894ec77d33ed9c9b289530e31965f69ffcde8c03cd114
M213751:1,2025-09,,101.32,Index,2025 Sep,101.32,776,raw/tabledata_M213751_62f62cd25bf5df72.json,12c460c3f71a1a1e505894ec77d33ed9c9b289530e31965f69ffcde8c03cd114
M213751:1,2025-10,,101.33,Index,2025 Oct,101.33,777,raw/tabledata_M213751_62f62cd25bf5df72.json,12c460c3f71a1a1e505894ec77d33ed9c9b289530e31965f69ffcde8c03cd114
M213751:1,2025-11,,101.579,Index,2025 Nov,101.579,778,raw/tabledata_M213751_62f62cd25bf5df72.json,12c460c3f71a1a1e505894ec77d33ed9c9b289530e31965f69ffcde8c03cd114
M213751:1,2025-12,,101.854,Index,2025 Dec,101.854,779,raw/tabledata_M213751_62f62cd25bf5df72.json,12c460c3f71a1a1e505894ec77d33ed9c9b289530e31965f69ffcde8c03cd114
M213751:1,2026-01,,101.333,Index,2026 Jan,101.333,780,raw/tabledata_M213751_62f62cd25bf5df72.json,12c460c3f71a1a1e505894ec77d33ed9c9b289530e31965f69ffcde8c03cd114
M213751:1,2026-02,,101.918,Index,2026 Feb,101.918,781,raw/tabledata_M213751_62f62cd25bf5df72.json,12c460c3f71a1a1e505894ec77d33ed9c9b289530e31965f69ffcde8c03cd114
M213751:1,2026-03,,102.405,Index,2026 Mar,102.405,782,raw/tabledata_M213751_62f62cd25bf5df72.json,12c460c3f71a1a1e505894ec77d33ed9c9b289530e31965f69ffcde8c03cd114
M213751:1,2026-04,,102.052,Index,2026 Apr,102.052,783,raw/tabledata_M213751_62f62cd25bf5df72.json,12c460c3f71a1a1e505894ec77d33ed9c9b289530e31965f69ffcde8c03cd114
M213751:1,2026-05,,102.814,Index,2026 May,102.814,784,raw/tabledata_M213751_62f62cd25bf5df72.json,12c460c3f71a1a1e505894ec77d33ed9c9b289530e31965f69ffcde8c03cd114
M213751:1,2026-06,,102.858,Index,2026 Jun,102.858,785,raw/tabledata_M213751_62f62cd25bf5df72.json,12c460c3f71a1a1e505894ec77d33ed9c9b289530e31965f69ffcde8c03cd114
M213751:1,2026-07,,102.696,Index,2026 Jul,102.696,786,raw/tabledata_M213751_62f62cd25bf5df72.json,12c460c3f71a1a1e505894ec77d33ed9c9b289530e31965f69ffcde8c03cd114
M213751:1,2026-08,,103.334,Index,2026 Aug,103.334,787,raw/tabledata_M213751_62f62cd25bf5df72.json,12c460c3f71a1a1e505894ec77d33ed9c9b289530e31965f69ffcde8c03cd114
